y ey x ex
0.592592592592593	0.0809327846364883	1.1012853470437	0.00108035236351861
0.615384615384615	0.0857988165680474	1.12493573264781					0.00109251194480607
0.62962962962963   0.0836762688614541	1.12853470437018					0.00109436231587156
0.642857142857143	0.0816326530612245	1.13727506426735					0.00109885607417345
0.652173913043478	0.0834908632640202	1.15012853470437					0.00110546454226446
0.692307692307692	0.0917159763313609	1.15886889460154					0.00110995830056635
0.714285714285714	0.086734693877551	1.16709511568123					0.00111418772014459
0.782608695652174	0.09294265910523	1.17377892030848					0.00111762412355192
0.846153846153846	0.103550295857988	1.17943444730077					0.00112053184951196
0.903225806451613	0.0905306971904266	1.19948586118252					0.00113084105973394
0.945454545454545	0.0525619834710744	1.20976863753213					0.00113612783420675
0.866666666666667	0.0455555555555556	1.22365038560411					0.00114326497974505
0.84375	0.0419921875	1.23393316195373					0.00114855175421785
0.787878787878788	0.0390266299357208	1.24832904884319					0.00115595323847979
0.753623188405797	0.0363369040117622	1.2853470437018					0.0011749856265819
0.736842105263158	0.0325484764542936	1.26992287917738					0.00116705546487269
