-13.81551056
-12.20607265
-11.33060391
-10.98229721
-10.51967369
-10.2601625
-10.05431044
-9.92369026
-9.737973114
-9.567015316
-9.433483923
-9.315700888
-9.210340372
-9.028018815
-8.947976108
-8.873868135
-8.804875264
-8.740336743
-8.568486486
-8.517193191
-8.468403027
-8.421883012
-8.377431249
-8.29404964
-8.217088599
-8.217088599
-8.145629635
-8.111728083
-8.07893826
-8.016417904
-7.98656494
-7.957577403
-7.902007552
-7.849363819
-7.799353398
-7.751725349
-7.728735831
-7.706262975
-7.662777863
-7.641724454
-7.621105167
-7.581099832
-7.542633551
-7.50559228
-7.487573774
