17.76855080000000
17.76611900000000
17.74590490000000
17.72056380000000
17.69346420000000
17.67247960000000
17.65144720000000
17.63051030000000
17.61127090000000
17.59411430000000
17.57789230000000
17.56203840000000
17.54824060000000
17.53208540000000
17.52161590000000
17.50938030000000
17.49757380000000
17.48763840000000
17.47819130000000
17.46868510000000
17.46098700000000
17.45287510000000
17.44521330000000
17.43853950000000
17.43173780000000
17.42589370000000
17.42010490000000
17.41518400000000
17.41066740000000
17.40632240000000
17.40217970000000
17.39807120000000
17.39448160000000
17.39088240000000
17.38809010000000
17.38550180000000
17.38257590000000
17.37928390000000
17.37751570000000
17.37568090000000
17.37360000000000
17.37117950000000
17.37001030000000
17.36879340000000
17.36660760000000
17.36591520000000
17.36426920000000
17.36358450000000
17.36230080000000
17.36068910000000
17.35975640000000
17.35897630000000
17.35864060000000
17.35784330000000
17.35732260000000
17.35589790000000
17.35592650000000
17.35531610000000
17.35552210000000
17.35494800000000
17.35394850000000
17.35417740000000
17.35349080000000
17.35327720000000
17.35327330000000
17.35307310000000
17.35224340000000
17.35250280000000
17.35228720000000
17.35200880000000
17.35184280000000
17.35155100000000
17.35259810000000
17.35174360000000
17.35174360000000
17.35272020000000
17.35186950000000
17.35198210000000
17.35207740000000
17.35260580000000
17.35256950000000
17.35281180000000
17.35257530000000
17.35315890000000
17.35255240000000
17.35335920000000
17.35328480000000
17.35275650000000
17.35252380000000
17.35373490000000
17.35363760000000
17.35316270000000
17.35342590000000
17.35354040000000
17.35437580000000
17.35453980000000
17.35480880000000
17.35471910000000
17.35547630000000
17.35504530000000
17.35485830000000
17.35572240000000
17.35535430000000
17.35610580000000
17.35651200000000
17.35625450000000
17.35686110000000
17.35699460000000
17.35738940000000
17.35767170000000
17.35766600000000
17.35775940000000
17.35787010000000
17.35822290000000
17.35828780000000
17.35873600000000
17.35919950000000
17.35991090000000
17.35949130000000
17.35942070000000
17.35972590000000
17.35987850000000
17.36058420000000
17.36137580000000
17.36101530000000
17.36165230000000
17.36189650000000
17.36242860000000
17.36171340000000
17.36240950000000
17.36293980000000
17.36327170000000
17.36304090000000
17.36367600000000
17.36331170000000
17.36379430000000
17.36361500000000
17.36403650000000
17.36461830000000
17.36394690000000
17.36485090000000
17.36602970000000
17.36598960000000
17.36562530000000
17.36564250000000
17.36658280000000
17.36652370000000
17.36692230000000
17.36683840000000
17.36722750000000
17.36773870000000
17.36754410000000
17.36819640000000
17.36844440000000
17.36853400000000
17.36873050000000
17.36899180000000
17.36939430000000
17.37004280000000
17.37009420000000
17.37044330000000
17.37023160000000
17.37041850000000
17.37091060000000
17.37098690000000
17.37080760000000
17.37150760000000
17.37158010000000
17.37201490000000
17.37141410000000
17.37223430000000
17.37264060000000
17.37324710000000
17.37316320000000
17.37364760000000
17.37464710000000
17.37737650000000
17.37823860000000
17.37764540000000
17.37772560000000
17.37807840000000
17.37785720000000
17.37848470000000
17.37877270000000
17.37872880000000
17.37858000000000
17.37905120000000
17.37983510000000
17.37962340000000
17.38038820000000
17.38087270000000
17.38103290000000
17.38129230000000
17.38139530000000
17.38217920000000
17.38252830000000
17.38315200000000
17.38284870000000
17.38392440000000
17.38458060000000
17.38520050000000
17.38480750000000
17.38520810000000
17.38549230000000
17.38608550000000
17.38703720000000
17.38570020000000
17.38773150000000
17.38739770000000
17.38770860000000
17.38780400000000
17.38853450000000
17.38898650000000
17.38972090000000
17.38999360000000
17.39066880000000
17.39025110000000
17.39122960000000
17.39108840000000
17.39141270000000
17.39156530000000
17.39239120000000
17.39292900000000
17.39333150000000
17.39293280000000
17.39344780000000
17.39412490000000
17.39419170000000
17.39399330000000
17.39505950000000
17.39543530000000
17.39537620000000
17.39628600000000
17.39614860000000
17.39643660000000
17.39701840000000
17.39754860000000
17.39800450000000
17.39824670000000
17.39826770000000
17.39877890000000
17.39925000000000
17.39962190000000
17.39960670000000
17.40024940000000
17.40051260000000
17.40100660000000
17.40092460000000
17.40154070000000
17.40219110000000
17.40209960000000
17.40255920000000
17.40255160000000
17.40283200000000
17.40282050000000
17.40410610000000
17.40410990000000
17.40468400000000
17.40460010000000
17.40531340000000
17.40534010000000
17.40545650000000
17.40561670000000
17.40678780000000
17.40735620000000
17.40765190000000
17.40766900000000
17.40724370000000
17.40822210000000
17.40821830000000
17.40904230000000
17.40921780000000
17.40915100000000
17.40999410000000
17.41016760000000
17.41040800000000
17.41054340000000
17.41105270000000
17.41096870000000
17.41156190000000
17.41171070000000
17.41195860000000
17.41215890000000
17.41246790000000
17.41273880000000
17.41353600000000
17.41349410000000
17.41364660000000
17.41422650000000
17.41444580000000
17.41478530000000
17.41544530000000
17.41583060000000
17.41617770000000
17.41623300000000
17.41601940000000
17.41635890000000
17.41754530000000
17.41767500000000
17.41742700000000
17.41831200000000
17.41810030000000
17.41765020000000
17.41817280000000
17.41917800000000
17.41980360000000
17.41983790000000
17.42013930000000
17.42031280000000
17.42084310000000
17.42038910000000
17.42112540000000
17.42134470000000
17.42165180000000
17.42168800000000
17.42238040000000
17.42182730000000
17.42348860000000
17.42497440000000
17.42737380000000
17.42883110000000
17.43091390000000
17.43304060000000
17.43362610000000
17.43544380000000
17.43745420000000
17.43869780000000
17.44023130000000
17.44137950000000
17.44353480000000
17.44495580000000
17.44633860000000
17.44773860000000
17.44956010000000
17.45130920000000
17.45230290000000
17.45458410000000
17.45506280000000
17.45682330000000
17.45883170000000
17.45995140000000
17.46262160000000
17.46269790000000
17.46456900000000
17.46639630000000
17.46776000000000
17.46918670000000
17.47063820000000
17.47290220000000
17.47382160000000
17.47533030000000
17.47716140000000
17.47848120000000
17.47999380000000
17.48147200000000
17.48343840000000
17.48445890000000
17.48631850000000
17.48773570000000
17.48880570000000
17.49039640000000
17.49179640000000
17.49346730000000
17.49437140000000
17.49635690000000
17.49783700000000
17.49899290000000
17.50118440000000
17.50218960000000
17.50438690000000
17.50567050000000
17.50686070000000
17.50881190000000
17.51021950000000
17.51175110000000
17.51326370000000
17.51503560000000
17.51605600000000
17.51782030000000
17.51943390000000
17.52064700000000
17.52279660000000
17.52408590000000
17.52503960000000
17.52641860000000
17.52836790000000
17.52940170000000
17.53145790000000
17.53250880000000
17.53359600000000
17.53553000000000
17.53639410000000
17.53829190000000
17.53949540000000
17.54113000000000
17.54196540000000
17.54357330000000
17.54519080000000
17.54683300000000
17.54849050000000
17.54930300000000
17.55049320000000
17.55245590000000
17.55333700000000
17.55442040000000
17.55645370000000
17.55759620000000
17.55887600000000
17.56085010000000
17.56265440000000
17.56329720000000
17.56462280000000
17.56601710000000
17.56730460000000
17.56922340000000
17.57094950000000
17.57132910000000
17.57320590000000
17.57449340000000
17.57578650000000
17.57719420000000
17.57826040000000
17.57981870000000
17.58131590000000
17.58258430000000
17.58380310000000
17.58532710000000
17.58664890000000
17.58846470000000
17.58876410000000
17.59020610000000
17.59178350000000
17.59322160000000
17.59502980000000
17.59650990000000
17.59718700000000
17.59878150000000
17.60002320000000
17.60141180000000
17.60297390000000
17.60408020000000
17.60528750000000
17.60724440000000
17.60791770000000
17.60916700000000
17.61081500000000
17.61228170000000
17.61277380000000
17.61450000000000
17.61559100000000
17.61777110000000
17.61903760000000
17.61992260000000
17.62117570000000
17.62208740000000
17.62368580000000
17.62544820000000
17.62651440000000
17.62817000000000
17.62906450000000
17.63033480000000
17.63162230000000
17.63301270000000
17.63440510000000
17.63578600000000
17.63718600000000
17.63867950000000
17.63958740000000
17.64109610000000
17.64211460000000
17.64348600000000
17.64492220000000
17.64593880000000
17.64738840000000
17.64841650000000
17.64957420000000
17.65154070000000
17.65298460000000
17.65385050000000
17.65496630000000
17.65645400000000
17.65768240000000
17.65802570000000
17.65984150000000
17.66090960000000
17.66290850000000
17.66375920000000
17.66549870000000
17.66693870000000
17.66782950000000
17.66868010000000
17.66993330000000
17.67188450000000
17.67256540000000
17.67424960000000
17.67506980000000
17.67634010000000
17.67792510000000
17.67880050000000
17.67973320000000
17.68096730000000
17.68259620000000
17.68376350000000
17.68466560000000
17.68667790000000
17.68809890000000
17.68898010000000
17.68986700000000
17.69161980000000
17.69256970000000
17.69335930000000
17.69545550000000
17.69699090000000
17.69801520000000
17.69853970000000
17.69989010000000
17.70173830000000
17.70269770000000
17.70387840000000
17.70460890000000
17.70618430000000
17.70760910000000
17.70840640000000
17.70970530000000
17.71091070000000
17.71255110000000
17.71331210000000
17.71422570000000
17.71599380000000
17.71739570000000
17.71824070000000
17.71988100000000
17.72088050000000
17.72235480000000
17.72294610000000
17.72447580000000
17.72556490000000
17.72645370000000
17.72882460000000
17.72933000000000
17.73058310000000
17.73163220000000
17.73251530000000
17.73366730000000
17.73532100000000
17.73659700000000
17.73818200000000
17.73896590000000
17.73987570000000
17.74103540000000
17.74193380000000
17.74317550000000
17.74528690000000
17.74644660000000
17.74771690000000
17.74871440000000
17.74916640000000
17.75045390000000
17.75131980000000
17.75309750000000
17.75470730000000
17.75596800000000
17.75699610000000
17.75818630000000
17.75908470000000
17.76057240000000
17.76189610000000
17.76260940000000
17.76297370000000
17.76432220000000
17.76618950000000
17.76723480000000
17.76804350000000
17.77005570000000
17.77026360000000
17.77141950000000
17.77297590000000
17.77407640000000
17.77505490000000
17.77654260000000
17.77761260000000
17.77910990000000
17.78037260000000
17.78103440000000
17.78260040000000
17.78332510000000
17.78479570000000
17.78562730000000
17.78673550000000
17.78854170000000
17.78953740000000
17.79082290000000
17.79162400000000
17.79249380000000
17.79505720000000
17.79539290000000
17.79561990000000
17.79733840000000
17.79847520000000
17.79911990000000
17.79940030000000
17.80228800000000
17.80294030000000
17.80416670000000
17.80496020000000
17.80622670000000
17.80769720000000
17.80874060000000
17.80916210000000
17.81104460000000
17.81171030000000
17.81294050000000
17.81373780000000
17.81567760000000
17.81692500000000
17.81768220000000
17.81897350000000
17.81992910000000
17.82076070000000
17.82122990000000
17.82331270000000
17.82371900000000
17.82493590000000
17.82625000000000
17.82722280000000
17.82893750000000
17.82971760000000
17.83093640000000
17.83213420000000
17.83305350000000
17.83407780000000
17.83550070000000
17.83622740000000
17.83760450000000
17.83809470000000
17.83940690000000
17.84028050000000
17.84185790000000
17.84235380000000
17.84369460000000
17.84540170000000
17.84613410000000
17.84694670000000
17.84794420000000
17.84943960000000
17.85075950000000
17.85200300000000
17.85287470000000
17.85393330000000
17.85442540000000
17.85628500000000
17.85742750000000
17.85811990000000
17.85961910000000
17.86067390000000
17.86087220000000
17.86252210000000
17.86361120000000
17.86471360000000
17.86608120000000
17.86658470000000
17.86814300000000
17.86900520000000
17.87023920000000
17.87148280000000
17.87199590000000
17.87285230000000
17.87436290000000
17.87599370000000
17.87662120000000
17.87777130000000
17.87867540000000
17.87936010000000
17.88114160000000
17.88159170000000
17.88228790000000
17.88356780000000
17.88538160000000
17.88574400000000
17.88792610000000
17.88806150000000
17.88889690000000
17.89009470000000
17.89068980000000
17.89276310000000
17.89378160000000
17.89476960000000
17.89526360000000
17.89659110000000
17.89753910000000
17.89885900000000
17.90000910000000
17.90051650000000
17.90142440000000
17.90229980000000
17.90463250000000
17.90473360000000
17.90604590000000
17.90676110000000
17.90808100000000
17.90941610000000
17.91073220000000
17.91130060000000
17.91212840000000
17.91374390000000
17.91463270000000
17.91548150000000
17.91568750000000
17.91755860000000
17.91901580000000
17.91988940000000
17.92097280000000
17.92180060000000
17.92296790000000
17.92416000000000
17.92535590000000
17.92591090000000
17.92717170000000
17.92836570000000
17.92877000000000
17.92988200000000
17.93110650000000
17.93198200000000
17.93303100000000
17.93371770000000
17.93571850000000
17.93597790000000
17.93712230000000
17.93821520000000
17.93953320000000
17.93971060000000
17.94118690000000
17.94197650000000
17.94336890000000
17.94446370000000
17.94510650000000
17.94579310000000
17.94717400000000
17.94838140000000
17.94907760000000
17.95042990000000
17.95165060000000
17.95237730000000
17.95299330000000
17.95436090000000
17.95532980000000
17.95684620000000
17.95687100000000
17.95833580000000
17.95954890000000
17.96019740000000
17.96127310000000
17.96259680000000
17.96261590000000
17.96412080000000
17.96476170000000
17.96574780000000
17.96694560000000
17.96826170000000
17.96945570000000
17.96986190000000
17.97120850000000
17.97212400000000
17.97387690000000
17.97430030000000
17.97514150000000
17.97635070000000
17.97742650000000
17.97832290000000
17.97851940000000
17.97972100000000
17.98138230000000
17.98213380000000
17.98256680000000
17.98420710000000
17.98458670000000
17.98594280000000
17.98782150000000
17.98782920000000
17.98939130000000
17.98933210000000
17.99105070000000
17.99194330000000
17.99299620000000
17.99334900000000
17.99442480000000
17.99515530000000
17.99649420000000
17.99758140000000
17.99860190000000
17.99957840000000
18.00062560000000
18.00142090000000
18.00255390000000
18.00352090000000
18.00407600000000
18.00545120000000
18.00709340000000
18.00718490000000
18.00815200000000
18.00926010000000
18.01057620000000
18.01148790000000
18.01249880000000
18.01283830000000
18.01390450000000
18.01449390000000
18.01638410000000
18.01701160000000
18.01796150000000
18.01844590000000
18.01939390000000
18.02128020000000
18.02187150000000
18.02261160000000
18.02315130000000
18.02442160000000
18.02535430000000
18.02563280000000
18.02662270000000
18.02806470000000
18.02935790000000
18.03014940000000
18.03140060000000
18.03218260000000
18.03277390000000
18.03330990000000
18.03487960000000
18.03615570000000
18.03703490000000
18.03720660000000
18.03866000000000
18.03912540000000
18.03987500000000
18.04073140000000
18.04202270000000
18.04332350000000
18.04355620000000
18.04487800000000
18.04613490000000
18.04654310000000
18.04751960000000
18.04880900000000
18.04951090000000
18.05091850000000
18.05138770000000
18.05260270000000
18.05281060000000
18.05447190000000
18.05526730000000
18.05621910000000
18.05718420000000
18.05794900000000
18.05882640000000
18.05955310000000
18.06008140000000
18.06198500000000
18.06218330000000
18.06341550000000
18.06427000000000
18.06538000000000
18.06569290000000
18.06707380000000
18.06825250000000
18.06934730000000
18.07005110000000
18.07070540000000
18.07158270000000
18.07276150000000
18.07361980000000
18.07462880000000
18.07559010000000
18.07581900000000
18.07724950000000
18.07813830000000
18.07867430000000
18.08061400000000
18.08064070000000
18.08176990000000
18.08203310000000
18.08434290000000
18.08427230000000
18.08569710000000
18.08579440000000
18.08690830000000
18.08816520000000
18.08942030000000
18.08982650000000
18.09027480000000
18.09174910000000
18.09264750000000
18.09311100000000
18.09365460000000
18.09605400000000
18.09613030000000
18.09642020000000
18.09782400000000
18.09889220000000
18.09895890000000
18.09997360000000
18.10139840000000
18.10194580000000
18.10269160000000
18.10411830000000
18.10463900000000
18.10593980000000
18.10692780000000
18.10758780000000
18.10866540000000
18.10947790000000
18.11024660000000
18.11135480000000
18.11204330000000
18.11274710000000
18.11397930000000
18.11495200000000
18.11627380000000
18.11658280000000
18.11732670000000
18.11812010000000
18.11884300000000
18.12020680000000
18.12097930000000
18.12166590000000
18.12226290000000
18.12344740000000
18.12374300000000
18.12527270000000
18.12646480000000
18.12734790000000
18.12771790000000
18.12878030000000
18.12999150000000
18.13067430000000
18.13167190000000
18.13209340000000
18.13330650000000
18.13368980000000
18.13475790000000
18.13546180000000
18.13648790000000
18.13748930000000
18.13829420000000
18.13980860000000
18.13918870000000
18.14071840000000
18.14144890000000
18.14265820000000
18.14344400000000
18.14429850000000
18.14470670000000
18.14619250000000
18.14715760000000
18.14786520000000
18.14796440000000
18.14924040000000
18.15004150000000
18.15095900000000
18.15160560000000
18.15270800000000
18.15342710000000
18.15450090000000
18.15538780000000
18.15614500000000
18.15674400000000
18.15791890000000
18.15857690000000
18.15973850000000
18.16013900000000
18.16083330000000
18.16216850000000
18.16343110000000
18.16360850000000
18.16412730000000
18.16402430000000
18.16294860000000
18.16244310000000
18.16123770000000
18.16154280000000
18.16034500000000
18.16022300000000
18.15898320000000
18.15929220000000
18.15854260000000
18.15838810000000
18.15783500000000
18.15690990000000
18.15683170000000
18.15585320000000
18.15590850000000
18.15510170000000
18.15463440000000
18.15461920000000
18.15439600000000
18.15326490000000
18.15279380000000
18.15213010000000
18.15190880000000
18.15110960000000
18.15130040000000
18.15062710000000
18.15053550000000
18.14913740000000
18.14934340000000
18.14877120000000
18.14916220000000
18.14849280000000
18.14775840000000
18.14743610000000
18.14727780000000
18.14674560000000
18.14578810000000
18.14576720000000
18.14567180000000
18.14487070000000
18.14470290000000
18.14423560000000
18.14318460000000
18.14356990000000
18.14290800000000
18.14234730000000
18.14267340000000
18.14176360000000
18.14179610000000
18.14135550000000
18.14090150000000
18.14024540000000
18.14040180000000
18.13960640000000
18.13908000000000
18.13903990000000
18.13799280000000
18.13814350000000
18.13817400000000
18.13758270000000
18.13697050000000
18.13603210000000
18.13555140000000
18.13600340000000
18.13559720000000
18.13520620000000
18.13455580000000
18.13439170000000
18.13364410000000
18.13344190000000
18.13310620000000
18.13295930000000
18.13242340000000
18.13233940000000
18.13245770000000
18.13097190000000
18.13091270000000
18.13008490000000
18.12993620000000
18.12959860000000
18.12938300000000
18.12932390000000
18.12888330000000
18.12837400000000
18.12853620000000
18.12843320000000
18.12808600000000
18.12749090000000
18.12739940000000
18.12690540000000
18.12697980000000
18.12624540000000
18.12588880000000
18.12491410000000
18.12505140000000
18.12494460000000
18.12483780000000
18.12438770000000
18.12390320000000
18.12322420000000
18.12287710000000
18.12258720000000
18.12225720000000
18.12182610000000
18.12200730000000
18.12200920000000
18.12087050000000
18.12156670000000
18.12039940000000
18.12084770000000
18.11976620000000
18.11970130000000
18.11913490000000
18.11877050000000
18.11810110000000
18.11825560000000
18.11819260000000
18.11704820000000
18.11741820000000
18.11685370000000
18.11611550000000
18.11604110000000
18.11567110000000
18.11596480000000
18.11526870000000
18.11516950000000
18.11465450000000
18.11463920000000
18.11430540000000
18.11430740000000
18.11388010000000
18.11379620000000
18.11334990000000
18.11273380000000
18.11242100000000
18.11230270000000
18.11201280000000
18.11161800000000
18.11101340000000
18.11043930000000
18.11057470000000
18.11014930000000
18.11031530000000
18.11028480000000
18.11007490000000
18.10930630000000
18.10917850000000
18.10850520000000
18.10847470000000
18.10853380000000
18.10820770000000
18.10759920000000
18.10702320000000
18.10648340000000
18.10620300000000
18.10602370000000
18.10580440000000
18.10518640000000
18.10455320000000
18.10526650000000
18.10459130000000
18.10472860000000
18.10397720000000
18.10377690000000
18.10403440000000
18.10321040000000
18.10364910000000
18.10283470000000
18.10308640000000
18.10277550000000
18.10142320000000
18.10247030000000
18.10140600000000
18.10087960000000
18.10029600000000
18.10070990000000
18.10009380000000
18.09961500000000
18.09971230000000
18.09951010000000
18.09907720000000
18.09843250000000
18.09905810000000
18.09840390000000
18.09787750000000
18.09776680000000
18.09764090000000
18.09710120000000
18.09700010000000
18.09669110000000
18.09643170000000
18.09630010000000
18.09607120000000
18.09593390000000
18.09570120000000
18.09546080000000
18.09454150000000
18.09521290000000
18.09459110000000
18.09388540000000
18.09383200000000
18.09407420000000
18.09388540000000
18.09288020000000
18.09299460000000
18.09221070000000
18.09213630000000
18.09275620000000
18.09179110000000
18.09135240000000
18.09049790000000
18.09121700000000
18.09066960000000
18.09026330000000
18.09028050000000
18.08940880000000
18.08983030000000
18.08976550000000
18.08891860000000
18.08923910000000
18.08937070000000
18.08844560000000
18.08823010000000
18.08723640000000
18.08757010000000
18.08724970000000
18.08701320000000
18.08665080000000
18.08660690000000
18.08610340000000
18.08598700000000
18.08610720000000
18.08596800000000
18.08511350000000
18.08633230000000
18.08537480000000
18.08499140000000
18.08496850000000
18.08453360000000
18.08458900000000
18.08420940000000
18.08310690000000
18.08366580000000
18.08379930000000
18.08290100000000
18.08230200000000
18.08271210000000
18.08196640000000
18.08167070000000
18.08144370000000
18.08099170000000
18.08149900000000
18.08101650000000
18.08051300000000
18.08035850000000
18.08001890000000
18.08026120000000
18.07913390000000
18.07950210000000
18.07915680000000
18.07864180000000
18.07865140000000
18.07946390000000
18.07860370000000
18.07863610000000
18.07830040000000
18.07817070000000
18.07737730000000
18.07707970000000
18.07657810000000
18.07680130000000
18.07741730000000
18.07570260000000
18.07610700000000
18.07589910000000
18.07540130000000
18.07553480000000
18.07580560000000
18.07509040000000
18.07493200000000
18.07468600000000
18.07418630000000
18.07441520000000
18.07383340000000
18.07318870000000
18.07403370000000
18.07294270000000
18.07324400000000
18.07291980000000
18.07305900000000
18.07210730000000
18.07176580000000
18.07222550000000
18.07200810000000
18.07152930000000
18.07163610000000
18.07125470000000
18.07007590000000
18.07048030000000
18.07002250000000
18.07039450000000
18.06990240000000
18.06949420000000
18.06930160000000
18.06966970000000
18.06936070000000
18.06819340000000
18.06857870000000
18.06860920000000
18.06813620000000
18.06781380000000
18.06799310000000
18.06749530000000
18.06774130000000
18.06725880000000
18.06703940000000
18.06679150000000
18.06694790000000
18.06630320000000
18.06611250000000
18.06626310000000
18.06561270000000
18.06583400000000
18.06499290000000
18.06542960000000
18.06506720000000
18.06407920000000
18.06470480000000
18.06453130000000
18.06325910000000
18.06406210000000
18.06326480000000
18.06298440000000
18.06324190000000
18.06302070000000
18.06255720000000
18.06208990000000
18.06250760000000
18.06175990000000
18.06245990000000
18.06203460000000
18.06187820000000
18.06094550000000
18.06132880000000
18.06062500000000
18.06077760000000
18.06000130000000
18.06024740000000
18.06070510000000
18.05984680000000
18.06011770000000
18.05906100000000
18.05957030000000
18.05953970000000
18.05945770000000
18.05892940000000
18.05845640000000
18.05838770000000
18.05813980000000
18.05830570000000
18.05811300000000
18.05730430000000
18.05724330000000
18.05682180000000
18.05698010000000
18.05647080000000
18.05624000000000
18.05658910000000
18.05648990000000
18.05578230000000
18.05563540000000
18.05566210000000
18.05549240000000
18.05525010000000
18.05462830000000
18.05501930000000
18.05407520000000
18.05408660000000
18.05431170000000
18.05398170000000
18.05389780000000
18.05318640000000
18.05303000000000
18.05332180000000
18.05326460000000
18.05237380000000
18.05297270000000
18.05237190000000
18.05214880000000
18.05250740000000
18.05154600000000
18.05160710000000
18.05174820000000
18.05112260000000
18.05084410000000
18.05067440000000
18.05043600000000
18.05047030000000
18.05041880000000
18.05029480000000
18.04978370000000
18.05034440000000
18.04987710000000
18.04929160000000
18.04889290000000
18.04868310000000
18.04907410000000
18.04899020000000
18.04818530000000
18.03455540000000
18.00500100000000
17.97462840000000
17.94441410000000
17.91690630000000
17.89117430000000
17.86617270000000
17.84282490000000
17.82205580000000
17.80118370000000
17.78143690000000
17.76431460000000
17.74766150000000
17.73211470000000
17.71702950000000
17.70318790000000
17.69038390000000
17.67845530000000
17.66734120000000
17.65619080000000
17.64668840000000
17.63716120000000
17.62878220000000
17.62069320000000
17.61276810000000
17.60635370000000
17.59983820000000
17.59304420000000
17.58633230000000
17.58201590000000
17.57795710000000
17.57266230000000
17.56896590000000
17.56435960000000
17.56062880000000
17.55717840000000
17.55368610000000
17.55121610000000
17.54760360000000
17.54590790000000
17.54318040000000
17.54057500000000
17.53841780000000
17.53676030000000
17.53432460000000
17.53360930000000
17.53106300000000
17.53017800000000
17.52854150000000
17.52723310000000
17.52593420000000
17.52504340000000
17.52355570000000
17.52277180000000
17.52165980000000
17.52147290000000
17.52101510000000
17.51980590000000
17.51946640000000
17.51859660000000
17.51803970000000
17.51750560000000
17.51679420000000
17.51646230000000
17.51618760000000
17.51592440000000
17.51605220000000
17.51597590000000
17.51542850000000
17.51449200000000
17.51430510000000
17.51406860000000
17.51391220000000
17.51396170000000
17.51447860000000
17.51423640000000
17.51432990000000
17.51351160000000
17.51377860000000
17.51459500000000
17.51450150000000
17.51480860000000
17.51448050000000
17.51428600000000
17.51451300000000
17.51419440000000
17.51455490000000
17.51437370000000
17.51438900000000
17.51470180000000
17.51472470000000
17.51497070000000
17.51514430000000
17.51496500000000
17.51538080000000
17.51521490000000
17.51532360000000
17.51569360000000
17.51643750000000
17.51619520000000
17.51575460000000
17.51623530000000
17.51675600000000
17.51606940000000
17.51644320000000
17.51709550000000
17.51653670000000
17.51723280000000
17.51765440000000
17.51781840000000
17.51754950000000
17.51801870000000
17.51839630000000
17.51860420000000
17.51945300000000
17.51846310000000
17.51892280000000
17.51957320000000
17.52010910000000
17.52040480000000
17.52009010000000
17.52016250000000
17.52074240000000
17.52041620000000
17.52083010000000
17.52157400000000
17.52094840000000
17.52153770000000
17.52211950000000
17.52162740000000
17.52241320000000
17.52236360000000
17.52252000000000
17.52252760000000
17.52308460000000
17.52318950000000
17.52320480000000
17.52382850000000
17.52386090000000
17.52387610000000
17.52402490000000
17.52500910000000
17.52441970000000
17.52477450000000
17.52528760000000
17.52045820000000
17.50887100000000
17.49571220000000
17.48337740000000
17.47096060000000
17.46044920000000
17.44978520000000
17.43929290000000
17.42955580000000
17.42031090000000
17.41187470000000
17.40364830000000
17.39516250000000
17.38852110000000
17.38132280000000
17.37441630000000
17.36805530000000
17.36139480000000
17.35539810000000
17.35045620000000
17.34428210000000
17.33968730000000
17.33489410000000
17.33039660000000
17.32663720000000
17.32187080000000
17.31792250000000
17.31405630000000
17.31072610000000
17.30677220000000
17.30350300000000
17.30069160000000
17.29849620000000
17.29557220000000
17.29277800000000
17.29073710000000
17.28840440000000
17.28655620000000
17.28409760000000
17.28276820000000
17.28052130000000
17.27863310000000
17.27725410000000
17.27771180000000
17.27891150000000
17.27997970000000
17.28062620000000
17.28159900000000
17.28285400000000
17.28390310000000
17.28510090000000
17.28508940000000
17.28615950000000
17.28705400000000
17.28833380000000
17.28874390000000
17.29005620000000
17.29023550000000
17.29173660000000
17.29236980000000
17.29279700000000
17.29376980000000
17.29426000000000
17.29606810000000
17.29623980000000
17.29686730000000
17.29778480000000
17.29841420000000
17.29867930000000
17.30041120000000
17.30124280000000
17.30141830000000
17.30231850000000
17.30307570000000
17.30409040000000
17.30482860000000
17.30586620000000
17.30632590000000
17.30628390000000
17.30776590000000
17.30869480000000
17.30913350000000
17.30905530000000
17.31000700000000
17.31109040000000
17.31173130000000
17.31172370000000
17.31288330000000
17.31347270000000
17.31423370000000
17.31510920000000
17.31564900000000
17.31622500000000
17.31665420000000
17.31742470000000
17.31789010000000
17.31915660000000
17.31890100000000
17.31982230000000
17.32088080000000
17.32160940000000
17.32173340000000
17.32230750000000
17.32229800000000
17.32358360000000
17.32403750000000
17.32465740000000
17.32557290000000
17.32546420000000
17.32601540000000
17.32664290000000
17.32740020000000
17.32821840000000
17.32872390000000
17.32918730000000
17.32963560000000
17.33018490000000
17.33063310000000
17.33148570000000
17.33172410000000
17.33233450000000
17.33254430000000
17.33360860000000
17.33414450000000
17.33478920000000
17.33540720000000
17.33633230000000
17.33703230000000
17.33716960000000
17.33689680000000
17.33764450000000
17.33878510000000
17.33834830000000
17.33993140000000
17.33971780000000
17.33972160000000
17.34013930000000
17.34047880000000
17.34168240000000
17.34290500000000
17.34387200000000
17.34344480000000
17.34404940000000
17.34445950000000
17.34461400000000
17.34547420000000
17.34538650000000
17.34704970000000
17.34630960000000
17.34715460000000
17.34765430000000
17.34836760000000
17.34898180000000
17.34891700000000
17.35021400000000
17.34967610000000
17.35083000000000
17.35133360000000
17.35170360000000
17.35190200000000
17.35266300000000
17.35329620000000
17.35289950000000
17.35412210000000
17.35487360000000
17.35529510000000
17.35547630000000
17.35572240000000
17.35569760000000
17.35704610000000
17.35746380000000
17.35764880000000
17.35827630000000
17.35877220000000
17.35914800000000
17.35973930000000
17.36005020000000
17.36055180000000
17.36066810000000
17.36121740000000
17.36128800000000
17.36190220000000
17.36257170000000
17.36299890000000
17.36330790000000
17.36924550000000
17.37632940000000
17.38386910000000
17.38938520000000
17.39635270000000
17.40311810000000
17.40822790000000
17.41395180000000
17.41811940000000
17.42360300000000
17.42893020000000
17.43603320000000
17.44092170000000
17.44653700000000
17.45072360000000
17.45549770000000
17.46069330000000
17.46471780000000
17.46811860000000
17.47348590000000
17.47652620000000
17.47968100000000
17.48366540000000
17.48724170000000
17.49112310000000
17.49440760000000
17.49754520000000
17.49985310000000
17.50292960000000
17.50560760000000
17.50794600000000
17.51073070000000
17.51227950000000
17.51486960000000
17.51723280000000
17.51916500000000
17.52189250000000
17.52381320000000
17.52572440000000
17.52844040000000
17.52988620000000
17.53204910000000
17.53331940000000
17.53539080000000
17.53715510000000
17.53922080000000
17.54023740000000
17.54137610000000
17.54364390000000
17.54495230000000
17.54699510000000
17.54841230000000
17.55036730000000
17.55146020000000
17.55246160000000
17.55430600000000
17.55557820000000
17.55673020000000
17.55752560000000
17.55947680000000
17.56040760000000
17.56232830000000
17.56298440000000
17.56379690000000
17.56544490000000
17.56679530000000
17.56816480000000
17.56855580000000
17.56941030000000
17.57087890000000
17.57240290000000
17.57357780000000
17.57449150000000
17.57564540000000
17.57676690000000
17.57791320000000
17.57894510000000
17.57916830000000
17.58027260000000
17.58163070000000
17.58293910000000
17.58435240000000
17.58596420000000
17.58565520000000
17.58712380000000
17.58838080000000
17.58900450000000
17.59000390000000
17.59099190000000
17.59240720000000
17.59321970000000
17.59412190000000
17.59560960000000
17.59618940000000
17.59672730000000
17.59788130000000
17.59906760000000
17.59943770000000
17.60102840000000
17.60174170000000
17.60237690000000
17.60317230000000
17.60419650000000
17.60545150000000
17.60595130000000
17.60736270000000
17.60825150000000
17.60912890000000
17.60981940000000
17.61038010000000
17.61145400000000
17.61250110000000
17.61414520000000
17.61374280000000
17.61478040000000
17.61674690000000
17.61703300000000
17.61812970000000
17.61916160000000
17.61998930000000
17.62072750000000
17.62196920000000
17.62283130000000
17.62387270000000
17.62432860000000
17.62469480000000
17.62582960000000
17.62632560000000
17.62851900000000
17.62926860000000
17.62998770000000
17.63021270000000
17.63123890000000
17.63220020000000
17.63302800000000
17.63389770000000
17.63407890000000
17.63575170000000
17.63655660000000
17.63738250000000
17.63835900000000
17.63924400000000
17.63978380000000
17.63995360000000
17.64145850000000
17.64273260000000
17.64343260000000
17.64426230000000
17.64462080000000
17.64629740000000
17.64707750000000
17.64824670000000
17.64905350000000
17.64932630000000
17.64971730000000
17.65093420000000
17.65170470000000
17.65271180000000
17.65321350000000
17.65451620000000
17.65510740000000
17.65633580000000
17.65705290000000
17.65744010000000
17.65827170000000
17.65934940000000
17.66040990000000
17.66109650000000
17.66137310000000
17.66316220000000
17.66354170000000
17.66408340000000
17.66483680000000
17.66538040000000
17.66689490000000
17.66772070000000
17.66831390000000
17.66930580000000
17.66982260000000
17.67105860000000
17.67132560000000
17.67243760000000
17.67385670000000
17.67430490000000
17.67575830000000
17.67562290000000
17.67631720000000
17.67760080000000
17.67809480000000
17.67961690000000
17.67991060000000
17.68007650000000
17.68124380000000
17.68265340000000
17.68314360000000
17.68366240000000
17.68464080000000
17.68548390000000
17.68616290000000
17.68677520000000
17.68774790000000
17.68921850000000
17.68994900000000
17.69071380000000
17.69102090000000
17.69154160000000
17.69229120000000
17.69304650000000
17.69476500000000
17.69607350000000
17.69680020000000
17.69718550000000
17.69713020000000
17.69864460000000
17.69842720000000
17.69978520000000
17.70043180000000
17.70194240000000
17.70183750000000
17.70263090000000
17.70380590000000
17.70474810000000
17.70567130000000
17.70650860000000
17.70663830000000
17.70793910000000
17.70827480000000
17.70941160000000
17.71017260000000
17.71098510000000
17.71217720000000
17.71219630000000
17.71280090000000
17.71438780000000
17.71545600000000
17.71570960000000
17.71599760000000
17.71728320000000
17.71871560000000
17.71956250000000
17.71938510000000
17.72054100000000
17.72127340000000
17.72154610000000
17.72318640000000
17.72420500000000
17.72450820000000
17.72601310000000
17.72625160000000
17.72710220000000
17.72771070000000
17.72819700000000
17.72892570000000
17.72988510000000
17.73062320000000
17.73175620000000
17.73226540000000
17.73287960000000
17.73396870000000
17.73487280000000
17.73505210000000
17.73532290000000
17.73684310000000
17.73740760000000
17.73834030000000
17.73853680000000
17.73961830000000
17.73973650000000
17.74136540000000
17.74245450000000
17.74316590000000
17.74348640000000
17.74479290000000
17.74503510000000
17.74573890000000
17.74702830000000
17.74800300000000
17.74819560000000
17.74939530000000
17.74959750000000
17.75095550000000
17.75115010000000
17.75236120000000
17.75297730000000
17.75302880000000
17.75472060000000
17.75546450000000
17.75616070000000
17.75702470000000
17.75789830000000
17.75837890000000
17.75895500000000
17.75980560000000
17.76004980000000
17.76098440000000
17.76169200000000
17.76313780000000
17.76386450000000
17.76448440000000
17.76590910000000
17.76614370000000
17.76637840000000
17.76735870000000
17.76784130000000
17.76881400000000
17.77018730000000
17.77037420000000
17.77123260000000
17.77219000000000
17.77252000000000
17.77258300000000
17.77405160000000
17.77532760000000
17.77602570000000
17.77667800000000
17.77723310000000
17.77737420000000
17.77892870000000
17.77927780000000
17.78005020000000
17.78158560000000
17.78175920000000
17.78251260000000
17.78287120000000
17.78419680000000
17.78471370000000
17.78577800000000
17.78660200000000
17.78708260000000
17.78783220000000
17.78845970000000
17.78969190000000
17.78974910000000
17.79078670000000
17.79152870000000
17.79282760000000
17.79235830000000
17.79395480000000
17.79489890000000
17.79568860000000
17.79574390000000
17.79656210000000
17.79797740000000
17.79873080000000
17.79907410000000
17.79939650000000
17.80006590000000
17.80064580000000
17.80222700000000
17.80223650000000
17.80312910000000
17.80365370000000
17.80493730000000
17.80572700000000
17.80615800000000
17.80704490000000
17.80766480000000
17.80892560000000
17.80902860000000
17.81020730000000
17.80991360000000
17.81151000000000
17.81234350000000
17.81317130000000
17.81376260000000
17.81485930000000
17.81504050000000
17.81560320000000
17.81669420000000
17.81770320000000
17.81807130000000
17.81905170000000
17.81893150000000
17.82024000000000
17.82105060000000
17.82097620000000
17.82287780000000
17.82326690000000
17.82368650000000
17.82438650000000
17.82521430000000
17.82621190000000
17.82667730000000
17.82710830000000
17.82908630000000
17.82992740000000
17.83007240000000
17.83078000000000
17.83144370000000
17.83242980000000
17.83219140000000
17.83377450000000
17.83418460000000
17.83566850000000
17.83559790000000
17.83620070000000
17.83685680000000
17.83829300000000
17.83878130000000
17.83908460000000
17.83971210000000
17.84057230000000
17.84131810000000
17.84233090000000
17.84333800000000
17.84386630000000
17.84470550000000
17.84517470000000
17.84569160000000
17.84647750000000
17.84672540000000
17.84811400000000
17.84848400000000
17.84965510000000
17.85032840000000
17.85068320000000
17.85181230000000
17.85319320000000
17.85322180000000
17.85339350000000
17.85416220000000
17.85545150000000
17.85611150000000
17.85666270000000
17.85707280000000
17.85810080000000
17.85836020000000
17.85932150000000
17.86076730000000
17.86087980000000
17.86182780000000
17.86272430000000
17.86281770000000
17.86319920000000
17.86490240000000
17.86526870000000
17.86595720000000
17.86707870000000
17.86743160000000
17.86857410000000
17.86885070000000
17.86945910000000
17.87054440000000
17.87023350000000
17.87171740000000
17.87310210000000
17.87367430000000
17.87384790000000
17.87454030000000
17.87566560000000
17.87567320000000
17.87668990000000
17.87813940000000
17.87810130000000
17.87895770000000
17.87943450000000
17.87961570000000
17.88094320000000
17.88141820000000
17.88170050000000
17.88236800000000
17.88379280000000
17.88474650000000
17.88538160000000
17.88568110000000
17.88603590000000
17.88722990000000
17.88743970000000
17.88826940000000
17.88979330000000
17.88946530000000
17.89030640000000
17.89057920000000
17.89150230000000
17.89249610000000
17.89328380000000
17.89404100000000
17.89430800000000
17.89549060000000
17.89589300000000
17.89679520000000
17.89727400000000
17.89788430000000
17.89922140000000
17.89933390000000
17.90042110000000
17.90129470000000
17.90129470000000
17.90240280000000
17.90250960000000
17.90369220000000
17.90439790000000
17.90494530000000
17.90517800000000
17.90642540000000
17.90728560000000
17.90737720000000
17.90866850000000
17.90992160000000
17.91026680000000
17.91030500000000
17.91175270000000
17.91183090000000
17.91232290000000
17.91308780000000
17.91376870000000
17.91456220000000
17.91584770000000
17.91679570000000
17.91663160000000
17.91746130000000
17.91795150000000
17.91871070000000
17.91910170000000
17.92037010000000
17.92088690000000
17.92168040000000
17.92196650000000
17.92301360000000
17.92358390000000
17.92451470000000
17.92548750000000
17.92617220000000
17.92686460000000
17.92724990000000
17.92767330000000
17.92858690000000
17.92921250000000
17.92960540000000
17.92996780000000
17.93071550000000
17.93154330000000
17.93187330000000
17.93305960000000
17.93359940000000
17.93466940000000
17.93479910000000
17.93550300000000
17.93623730000000
17.93761060000000
17.93787760000000
17.93863670000000
17.93928330000000
17.93963240000000
17.94021600000000
17.94089310000000
17.94159880000000
17.94285580000000
17.94292830000000
17.94392010000000
17.94431490000000
17.94520950000000
17.94551460000000
17.94657890000000
17.94698710000000
17.94764130000000
17.94907370000000
17.94927780000000
17.94967650000000
17.95081900000000
17.95110130000000
17.95134350000000
17.95254510000000
17.95308870000000
17.95387640000000
17.95447340000000
17.95500750000000
17.95596880000000
17.95616720000000
17.95720100000000
17.95787040000000
17.95880690000000
17.95903390000000
17.95955270000000
17.95993990000000
17.96073910000000
17.96169660000000
17.96238320000000
17.96254730000000
17.96312520000000
17.96412270000000
17.96519850000000
17.96653170000000
17.96632380000000
17.96689410000000
17.96765890000000
17.96866790000000
17.96890640000000
17.97007560000000
17.97008700000000
17.97082900000000
17.97183790000000
17.97217940000000
17.97242350000000
17.97417060000000
17.97458070000000
17.97486490000000
17.97531500000000
17.97596930000000
17.97647090000000
17.97763250000000
17.97873680000000
17.97911260000000
17.98020360000000
17.97983550000000
17.98042670000000
17.98168940000000
17.98189920000000
17.98270030000000
17.98313140000000
17.98379130000000
17.98434630000000
17.98517990000000
17.98598480000000
17.98638530000000
17.98736950000000
17.98727220000000
17.98853870000000
17.98984900000000
17.98961830000000
17.99067490000000
17.99088850000000
17.99192810000000
17.99216840000000
17.99295420000000
17.99343870000000
17.99363890000000
17.99504280000000
17.99521250000000
17.99574470000000
17.99666020000000
17.99727820000000
17.99760050000000
17.99890320000000
17.99926560000000
18.00016400000000
18.00039670000000
18.00069610000000
18.00140380000000
18.00184820000000
18.00292770000000
18.00382800000000
18.00447080000000
18.00476830000000
18.00587460000000
18.00610160000000
18.00614350000000
18.00697130000000
18.00830450000000
18.00933640000000
18.00965690000000
18.01023100000000
18.01064300000000
18.01168060000000
18.01271620000000
18.01288030000000
18.01303100000000
18.01431270000000
18.01492110000000
18.01527020000000
18.01654430000000
18.01666060000000
18.01714130000000
18.01789850000000
18.01912490000000
18.01894760000000
18.01999470000000
18.02041620000000
18.02165790000000
18.02204320000000
18.02210800000000
18.02291870000000
18.02424430000000
18.02379980000000
18.02510070000000
18.02614210000000
18.02541730000000
18.02688780000000
18.02723880000000
18.02842330000000
18.02891340000000
18.02937690000000
18.02997010000000
18.03045840000000
18.03079030000000
18.03202050000000
18.03220170000000
18.03318590000000
18.03363030000000
18.03433790000000
18.03454390000000
18.03552620000000
18.03622050000000
18.03717800000000
18.03731150000000
18.03816220000000
18.03884120000000
18.03933520000000
18.04022780000000
18.04052160000000
18.04161260000000
18.04244610000000
18.04227440000000
18.04284090000000
18.04364770000000
18.04456900000000
18.04508780000000
18.04557410000000
18.04598800000000
18.04689970000000
18.04754250000000
18.04821200000000
18.04841230000000
18.04943650000000
18.04918090000000
18.05084800000000
18.05092230000000
18.05175200000000
18.05217360000000
18.05317300000000
18.05382720000000
18.05412860000000
18.05482290000000
18.05530350000000
18.05640020000000
18.05627630000000
18.05728340000000
18.05778690000000
18.05847740000000
18.05959890000000
18.05954360000000
18.06028360000000
18.06121060000000
18.06175800000000
18.06221960000000
18.06269830000000
18.06381220000000
18.06417460000000
18.06449500000000
18.06566610000000
18.06633180000000
18.06692690000000
18.06728930000000
18.06721680000000
18.06874840000000
18.06860350000000
18.06954380000000
18.07046690000000
18.07066150000000
18.07131380000000
18.07205770000000
18.07277290000000
18.07313530000000
18.07387920000000
18.07493400000000
18.07477950000000
18.07590480000000
18.07642740000000
18.07696340000000
18.07712740000000
18.07844160000000
18.07917780000000
18.07979200000000
18.08007810000000
18.08073800000000
18.08194730000000
18.08227340000000
18.08246420000000
18.08330530000000
18.08424750000000
18.08427610000000
18.08503340000000
18.08612630000000
18.08638760000000
18.08772460000000
18.08757400000000
18.08773230000000
18.08868020000000
18.08950990000000
18.08945080000000
18.09057230000000
18.09090990000000
18.09177390000000
18.09181210000000
18.09284590000000
18.09294120000000
18.09404750000000
18.09451480000000
18.09553710000000
18.09590330000000
18.09566110000000
18.09666440000000
18.09770010000000
18.09827040000000
18.09923170000000
18.09921070000000
18.10015670000000
18.10075370000000
18.10152620000000
18.10245700000000
18.10212130000000
18.10309790000000
18.10391420000000
18.10438340000000
18.10428230000000
18.10504340000000
18.10595510000000
18.10675620000000
18.10774990000000
18.10840600000000
18.10857580000000
18.10900870000000
18.10969730000000
18.11017030000000
18.11086650000000
18.11153600000000
18.11270140000000
18.11263080000000
18.11368560000000
18.11396590000000
18.11408420000000
18.11507220000000
18.11577410000000
18.11598580000000
18.11686510000000
18.11710160000000
18.11736670000000
18.11881250000000
18.11941330000000
18.11965750000000
18.11996260000000
18.12094110000000
18.12247650000000
18.12244410000000
18.12299720000000
18.12352370000000
18.12419500000000
18.12415310000000
18.12483590000000
18.12613100000000
18.12588110000000
18.12723730000000
18.12765690000000
18.12787620000000
18.12903210000000
18.12944410000000
18.12955470000000
18.13057700000000
18.13099860000000
18.13145250000000
18.13248250000000
18.13241000000000
18.13345520000000
18.13421240000000
18.13497730000000
18.13588140000000
18.13571540000000
18.13645170000000
18.13671490000000
18.13749690000000
18.13804050000000
18.13888740000000
18.13908950000000
18.13989440000000
18.14047240000000
18.14098930000000
18.14188760000000
18.14229580000000
18.14324560000000
18.14332770000000
18.14412680000000
18.14401050000000
18.14537420000000
18.14585490000000
18.14648620000000
18.14646910000000
18.14779280000000
18.14822570000000
18.14846800000000
18.14906500000000
18.14988510000000
18.14962950000000
18.15068810000000
18.15156170000000
18.15169520000000
18.15302650000000
18.15378760000000
18.15445130000000
18.15394400000000
18.15556710000000
18.15505980000000
18.15611450000000
18.15657420000000
18.15712730000000
18.15787690000000
18.15823740000000
18.15881720000000
18.15947340000000
18.16045370000000
18.16111750000000
18.16151800000000
18.16172400000000
18.16217420000000
18.16344830000000
18.16395750000000
18.16386220000000
18.16463080000000
18.16522210000000
18.16608040000000
18.16692920000000
18.16676130000000
18.16493030000000
18.16380310000000
18.16341200000000
18.16232680000000
18.16147040000000
18.16068840000000
18.15978240000000
18.15904800000000
18.15891260000000
18.15909950000000
18.15836330000000
18.15781210000000
18.15691370000000
18.15643880000000
18.15646740000000
18.15596960000000
18.15508270000000
18.15461340000000
18.15427970000000
18.15381810000000
18.15369790000000
18.15346140000000
18.15286440000000
18.15230940000000
18.15209960000000
18.15164940000000
18.15113060000000
18.15102570000000
18.15063470000000
18.15035620000000
18.15048400000000
18.14985270000000
18.14982790000000
18.14942350000000
18.14929960000000
18.14923280000000
18.14863580000000
18.14823910000000
18.14802740000000
18.14727970000000
18.14710040000000
18.14773360000000
18.14724150000000
18.14666930000000
18.14628410000000
18.14586250000000
18.14588540000000
18.14576530000000
18.14582250000000
18.14499850000000
18.14465140000000
18.14505380000000
18.14517970000000
18.14450830000000
18.14438430000000
18.14423560000000
18.14370340000000
18.14357370000000
18.14373200000000
18.14321700000000
18.14293470000000
18.14278220000000
18.14275550000000
18.14202490000000
18.14270210000000
18.14230720000000
18.14142990000000
18.14117050000000
18.14172550000000
18.14197920000000
18.14093010000000
18.14101020000000
18.14068790000000
18.14012520000000
18.14027590000000
18.14070700000000
18.13994020000000
18.13977620000000
18.13965410000000
18.13979530000000
18.13874810000000
18.13895220000000
18.13892930000000
18.13903990000000
18.13779830000000
18.13809770000000
18.13798330000000
18.13727950000000
18.13755030000000
18.13742630000000
18.13707730000000
18.13708680000000
18.13726230000000
18.13652220000000
18.13575170000000
18.13642310000000
18.13651460000000
18.13605880000000
18.13624950000000
18.13547130000000
18.13547130000000
18.13525190000000
18.13577650000000
18.13480940000000
18.13452140000000
18.13504400000000
18.13405600000000
18.13417620000000
18.13467780000000
18.13389580000000
18.13351440000000
18.13385770000000
18.13343620000000
18.13356390000000
18.13290590000000
18.13337320000000
18.13271330000000
18.13201140000000
18.13234510000000
18.13286780000000
18.13210860000000
18.13175580000000
18.13108250000000
18.13128470000000
18.13119120000000
18.13141630000000
18.13071440000000
18.13057130000000
18.13016890000000
18.13063240000000
18.13066860000000
18.12986370000000
18.12913890000000
18.12935060000000
18.12953750000000
18.12970540000000
18.12900160000000
18.12840650000000
18.12830920000000
18.12819090000000
18.12823860000000
18.12892530000000
18.12805360000000
18.12792200000000
18.12749670000000
18.12788200000000
18.12721630000000
18.12754050000000
18.12766640000000
18.12682340000000
18.12668030000000
18.12725630000000
18.12596510000000
18.12635990000000
18.12595170000000
18.12574380000000
18.12570380000000
18.12582200000000
18.12526510000000
18.12516970000000
18.12514110000000
18.12528610000000
18.12449830000000
18.12506100000000
18.12506480000000
18.12444300000000
18.12504760000000
18.12405200000000
18.12366100000000
18.12360760000000
18.12353130000000
18.12358660000000
18.12322990000000
18.12333860000000
18.12287520000000
18.12311930000000
18.12261580000000
18.12230110000000
18.12265770000000
18.12260050000000
18.12223430000000
18.12181090000000
18.12169070000000
18.12173460000000
18.12119860000000
18.12123480000000
18.12072370000000
18.12032120000000
18.12059400000000
18.12030790000000
18.12054820000000
18.12028120000000
18.12019340000000
18.12018960000000
18.11996840000000
18.11973570000000
18.11911390000000
18.11988630000000
18.11990350000000
18.11958880000000
18.11867330000000
18.11848830000000
18.11910820000000
18.11894220000000
18.11821740000000
18.11840240000000
18.11759180000000
18.11769480000000
18.11841770000000
18.11783400000000
18.11747360000000
18.11780540000000
18.11759180000000
18.11773300000000
18.11672010000000
18.11685750000000
18.11650080000000
18.11640350000000
18.11678880000000
18.11567110000000
18.11606210000000
18.11608880000000
18.11471740000000
18.11562340000000
18.11516760000000
18.11475940000000
18.11454960000000
18.11479750000000
18.11487570000000
18.11437600000000
18.11409750000000
18.11422920000000
18.11445610000000
18.11473460000000
18.11357300000000
18.11388580000000
18.11291690000000
18.11281390000000
18.11321060000000
18.11325070000000
18.11320300000000
18.11287110000000
18.11330410000000
18.11280630000000
18.11218830000000
18.11253730000000
18.11188120000000
18.11241720000000
18.11181640000000
18.11171910000000
18.11144440000000
18.11133190000000
18.11133190000000
18.11077880000000
18.11131280000000
18.11151690000000
18.11108970000000
18.11016650000000
18.11025040000000
18.11063760000000
18.11011880000000
18.11021040000000
18.10960960000000
18.10968200000000
18.10974880000000
18.10964770000000
18.10914610000000
18.10993950000000
18.10836980000000
18.10898200000000
18.10824580000000
18.10872070000000
18.10848230000000
18.10768690000000
18.10829920000000
18.10846130000000
18.10802650000000
18.10770030000000
18.10758780000000
18.10784530000000
18.10748670000000
18.10691070000000
18.10684010000000
18.10657110000000
18.10660930000000
18.10631750000000
18.10607710000000
18.10669130000000
18.10624120000000
18.10684200000000
18.10631370000000
18.10669890000000
18.10622020000000
18.10577010000000
18.10508720000000
18.10516350000000
18.10521120000000
18.10491180000000
18.10491370000000
18.10488120000000
18.10453410000000
18.10485830000000
18.10444060000000
18.10468670000000
18.10482400000000
18.10383980000000
18.10432620000000
18.10411640000000
18.10387610000000
18.10375970000000
18.10311690000000
18.10264770000000
18.10309600000000
18.10315510000000
18.10240360000000
18.10256760000000
18.10257720000000
18.10268400000000
18.10208120000000
18.10157580000000
18.10208320000000
18.10221860000000
18.10180850000000
18.10159680000000
18.10162920000000
18.10140600000000
18.10177990000000
18.10125160000000
18.10140800000000
18.10099410000000
18.10082240000000
18.10088530000000
18.10048670000000
18.10082050000000
18.10038560000000
18.10027500000000
18.10009380000000
18.10028070000000
18.09952920000000
18.10000990000000
18.09950820000000
18.09949110000000
18.09962840000000
18.09939950000000
18.09878730000000
18.09870710000000
18.09882160000000
18.09864230000000
18.09869000000000
18.09869000000000
18.09848020000000
18.09818840000000
18.09832190000000
18.09808150000000
18.09792320000000
18.09811780000000
18.09785070000000
18.09812350000000
18.09745020000000
18.09772300000000
18.09708020000000
18.09734530000000
18.09688750000000
18.09714690000000
18.09696000000000
18.09636490000000
18.09622000000000
18.09621420000000
18.09611700000000
18.09574690000000
18.09622190000000
18.09549140000000
18.09608650000000
18.09576600000000
18.09390250000000
18.09489440000000
18.09500310000000
18.09458730000000
18.09485050000000
18.09442320000000
18.09432600000000
18.09378810000000
18.09335700000000
18.09364500000000
18.09408180000000
18.09333610000000
18.09322350000000
18.09305000000000
18.09269520000000
18.09209440000000
18.09222220000000
18.09207530000000
18.09204480000000
18.09189980000000
18.09105300000000
18.09148590000000
18.09133330000000
18.09062380000000
18.09102050000000
18.09055510000000
18.09021180000000
18.09012220000000
18.08956900000000
18.08876410000000
18.08924290000000
18.08890910000000
18.08917230000000
18.08868400000000
18.08838080000000
18.08885570000000
18.08854670000000
18.08836930000000
18.08799740000000
18.08706090000000
18.08761400000000
18.08703420000000
18.08746330000000
18.08679000000000
18.08607860000000
18.08570670000000
18.08584590000000
18.08611290000000
18.08517830000000
18.08521460000000
18.08522600000000
18.08516310000000
18.08534620000000
18.08531370000000
18.08428950000000
18.08429520000000
18.08461380000000
18.08434860000000
18.08399770000000
18.08324620000000
18.08310500000000
18.08369630000000
18.08305350000000
18.08308210000000
18.08288380000000
18.08195870000000
18.06747620000000
18.04888150000000
18.02810850000000
18.01117130000000
17.99354170000000
17.97557830000000
17.95957560000000
17.94396780000000
17.92992780000000
17.91448020000000
17.90109060000000
17.88808050000000
17.87559310000000
17.86276620000000
17.84999460000000
17.83847610000000
17.82801430000000
17.81762310000000
17.80746450000000
17.79733270000000
17.78805350000000
17.77903550000000
17.77077670000000
17.76270860000000
17.75438490000000
17.74771490000000
17.73998260000000
17.73304740000000
17.72603030000000
17.72063630000000
17.71502490000000
17.70937530000000
17.70372390000000
17.69827270000000
17.69342990000000
17.68799200000000
17.68416400000000
17.67974850000000
17.67548750000000
17.67168420000000
17.66760250000000
17.66331290000000
17.66115760000000
17.65778160000000
17.65386770000000
17.65125650000000
17.64798920000000
17.64541620000000
17.64308920000000
17.64090150000000
17.63829420000000
17.63597670000000
17.63400450000000
17.63162610000000
17.62896340000000
17.62746620000000
17.62571710000000
17.62408060000000
17.62221330000000
17.62050240000000
17.61955640000000
17.61778450000000
17.61594770000000
17.61518660000000
17.61407850000000
17.61263270000000
17.61109540000000
17.61036490000000
17.60913840000000
17.60836790000000
17.60727110000000
17.60579870000000
17.60502430000000
17.60482210000000
17.60432240000000
17.60356330000000
17.60231010000000
17.60141180000000
17.60155100000000
17.60067550000000
17.59914580000000
17.59874720000000
17.59837910000000
17.59825510000000
17.59763710000000
17.59700200000000
17.59667390000000
17.59650230000000
17.59592430000000
17.59472840000000
17.59529300000000
17.59545700000000
17.59514800000000
17.59468260000000
17.59410660000000
17.59421150000000
17.59382620000000
17.59299460000000
17.59332650000000
17.59295080000000
17.59309380000000
17.59283820000000
17.59273140000000
17.59311480000000
17.59280580000000
17.59205620000000
17.59155650000000
17.59180060000000
17.59168240000000
17.59160040000000
17.59157560000000
17.59190940000000
17.59169760000000
17.59274670000000
17.59177780000000
17.59188270000000
17.59179680000000
17.59256170000000
17.59168430000000
17.59126090000000
17.59254450000000
17.59176820000000
17.59182350000000
17.59197610000000
17.59169570000000
17.59173770000000
17.59232520000000
17.59263610000000
17.59240720000000
17.59293740000000
17.59262270000000
17.59270850000000
17.59279630000000
17.59245100000000
17.59327500000000
17.59339330000000
17.59323500000000
17.59307470000000
17.59286680000000
17.59330940000000
17.59413520000000
17.59307860000000
17.59400360000000
17.59378240000000
17.59411620000000
17.59453770000000
17.59490390000000
17.59493820000000
17.59626570000000
17.59604640000000
17.59629820000000
17.59654420000000
17.59696380000000
17.59759710000000
17.59765050000000
17.59793280000000
17.59804530000000
17.59876820000000
17.59955020000000
17.59988780000000
17.60042570000000
17.60074610000000
17.60101500000000
17.60136220000000
17.60089300000000
17.60173220000000
17.60230820000000
17.60206790000000
17.60321610000000
17.60335920000000
17.60367580000000
17.60381690000000
17.60443490000000
17.60434530000000
17.60491750000000
17.60521310000000
17.60579100000000
17.60614200000000
17.60632890000000
17.60694120000000
17.60700600000000
17.60650060000000
17.60738370000000
17.60801120000000
17.60820000000000
17.59836570000000
17.57816120000000
17.55728910000000
17.53622810000000
17.51770970000000
17.49942970000000
17.48286430000000
17.46751020000000
17.45145030000000
17.43849560000000
17.42541500000000
17.41378400000000
17.40962980000000
17.41019050000000
17.41044800000000
17.41199680000000
17.41314310000000
17.41308590000000
17.41549490000000
17.41623680000000
17.41735640000000
17.41725540000000
17.41887090000000
17.41928100000000
17.42000960000000
17.42096900000000
17.42213240000000
17.42302890000000
17.42332830000000
17.42361640000000
17.42467880000000
17.42659950000000
17.42656320000000
17.42752640000000
17.42779350000000
17.42937460000000
17.42916670000000
17.43045040000000
17.43106460000000
17.43208690000000
17.43247410000000
17.43322560000000
17.43348690000000
17.43418310000000
17.43482970000000
17.43533130000000
17.43676180000000
17.43705940000000
17.43744460000000
17.43835830000000
17.43898580000000
17.44017020000000
17.44024460000000
17.44087600000000
17.44127080000000
17.44172090000000
17.44247620000000
17.44264600000000
17.44340700000000
17.44378470000000
17.44450180000000
17.44584840000000
17.44615930000000
17.44666480000000
17.44734380000000
17.44770430000000
17.44837570000000
17.44831080000000
17.44911000000000
17.45009800000000
17.45057100000000
17.45083990000000
17.45144840000000
17.45162390000000
17.45239830000000
17.45241730000000
17.45346830000000
17.45387070000000
17.45469660000000
17.45472900000000
17.45510480000000
17.45568460000000
17.45659630000000
17.45656770000000
17.45760530000000
17.45832250000000
17.45835300000000
17.45868680000000
17.45915410000000
17.45994180000000
17.46026030000000
17.46039190000000
17.46100990000000
17.46158980000000
17.46195030000000
17.46238890000000
17.46294970000000
17.46393200000000
17.46373360000000
17.46396250000000
17.46504400000000
17.46491050000000
17.46599570000000
17.46566000000000
17.46603770000000
17.46665950000000
17.46725080000000
17.46768950000000
17.46904560000000
17.46837990000000
17.46907800000000
17.46974370000000
17.47063820000000
17.47024530000000
17.47123710000000
17.47088620000000
17.47171970000000
17.47269630000000
17.47219840000000
17.47246550000000
17.47283930000000
17.47326660000000
17.47437470000000
17.47410390000000
17.47481910000000
17.47473710000000
17.47537800000000
17.47641560000000
17.47600740000000
17.47697830000000
17.47745130000000
17.47687910000000
17.47807310000000
17.47892570000000
17.48045730000000
16.74529450000000
17.49294090000000
17.49970430000000
17.50547980000000
17.51175880000000
17.51737780000000
17.52178760000000
17.52556410000000
17.53004070000000
17.53526300000000
17.53942680000000
17.54219050000000
17.54612350000000
17.54877660000000
17.55169480000000
17.55570220000000
17.55826950000000
17.56051820000000
17.56311030000000
17.56518360000000
17.56813240000000
17.57036970000000
17.57239530000000
17.57348630000000
17.57609930000000
17.57812690000000
17.57897180000000
17.58166310000000
17.58341780000000
17.58459470000000
17.58611480000000
17.58815760000000
17.58968920000000
17.59107390000000
17.59255020000000
17.59372130000000
17.59446140000000
17.59677880000000
17.59854120000000
17.59942810000000
17.60050770000000
17.60175130000000
17.60298530000000
17.60426710000000
17.60539240000000
17.60647390000000
17.60795970000000
17.60898590000000
17.61048310000000
17.61102480000000
17.61214060000000
17.61396980000000
17.61418530000000
17.61592860000000
17.61733810000000
17.61827650000000
17.61935040000000
17.62060160000000
17.62112800000000
17.62263290000000
17.62403290000000
17.62430570000000
17.62579340000000
17.62700460000000
17.62803070000000
17.62876700000000
17.63055800000000
17.63128080000000
17.63210100000000
17.63280670000000
17.63378710000000
17.63545030000000
17.63601110000000
17.63756750000000
17.63829800000000
17.63919830000000
17.64067070000000
17.64183800000000
17.64251510000000
17.64339440000000
17.64398950000000
17.64561650000000
17.64691540000000
17.64756770000000
17.64822760000000
17.64918510000000
17.65021510000000
17.65128890000000
17.65220640000000
17.65332030000000
17.65458480000000
17.65585130000000
17.65596770000000
17.65759080000000
17.65763470000000
17.65912240000000
17.66033360000000
17.66148180000000
17.66295430000000
17.66383930000000
17.66450300000000
17.66566080000000
17.66650390000000
17.66761390000000
17.66884420000000
17.66987600000000
17.67057800000000
17.67107000000000
17.67239950000000
17.67307470000000
17.67543220000000
17.67562860000000
17.67662230000000
17.67782020000000
17.67893210000000
17.67902940000000
17.68039890000000
17.68078420000000
17.68256750000000
17.68408770000000
17.68451690000000
17.68526450000000
17.68617240000000
17.68776320000000
17.68825140000000
17.68913070000000
17.69002910000000
17.69023890000000
17.69132800000000
17.69208520000000
17.69384190000000
17.69431110000000
17.69560810000000
17.69717590000000
17.69763370000000
17.69864270000000
17.69998740000000
17.70018000000000
17.70142360000000
17.70246310000000
17.70360180000000
17.70392030000000
17.70518300000000
17.70601460000000
17.70734400000000
17.70795630000000
17.70965380000000
17.71012680000000
17.71095080000000
17.71179770000000
17.71273990000000
17.71290010000000
17.71514890000000
17.71562950000000
17.71729080000000
17.71731370000000
17.71873470000000
17.71953010000000
17.72087470000000
17.72136870000000
17.72296520000000
17.72320550000000
17.72439380000000
17.72499840000000
17.72608940000000
17.72681610000000
17.72836300000000
17.72881690000000
17.72951120000000
17.73078530000000
17.73195640000000
17.73184960000000
17.73287960000000
17.73464580000000
17.73546600000000
17.73625940000000
17.73697090000000
17.73767080000000
17.73892210000000
17.74016180000000
17.74074740000000
17.74161520000000
17.74251740000000
17.74308770000000
17.74425500000000
17.74541280000000
17.74664870000000
17.74724000000000
17.74881170000000
17.74890510000000
17.75080490000000
17.75082960000000
17.75152580000000
17.75361820000000
17.75343700000000
17.75478930000000
17.75589560000000
17.75642010000000
17.75735850000000
17.75885200000000
17.75842660000000
17.75986480000000
17.76122090000000
17.76127240000000
17.76322930000000
17.76389690000000
17.76529310000000
17.76534080000000
17.76622390000000
17.76714130000000
17.76856610000000
17.76948540000000
17.76991840000000
17.77071950000000
17.77171700000000
17.77271460000000
17.77412790000000
17.77485460000000
17.77515020000000
17.77688210000000
17.77678870000000
17.77805700000000
17.77902790000000
17.77997970000000
17.78112410000000
17.78160090000000
17.78230660000000
17.78340530000000
17.78453820000000
17.78573600000000
17.78563300000000
17.78777690000000
17.78777120000000
17.78903380000000
17.79034610000000
17.79073900000000
17.79166790000000
17.79165640000000
17.79306790000000
17.79390330000000
17.79504200000000
17.79615780000000
17.79624170000000
17.79703710000000
17.79849050000000
17.79975310000000
17.80002780000000
17.80115500000000
17.80188940000000
17.80322450000000
17.80352210000000
17.80397410000000
17.80559340000000
17.80631060000000
17.80704300000000
17.80849830000000
17.80918690000000
17.81022830000000
17.81076620000000
17.81158440000000
17.81279750000000
17.81344410000000
17.81414790000000
17.81488990000000
17.81521790000000
17.81705090000000
17.81802360000000
17.81832120000000
17.81981650000000
17.82011980000000
17.82133290000000
17.82238570000000
17.82232470000000
17.82341190000000
17.82428350000000
17.82533640000000
17.82625960000000
17.82763670000000
17.82792660000000
17.82922170000000
17.83030310000000
17.83086580000000
17.83189580000000
17.83232680000000
17.83380880000000
17.83437150000000
17.83479300000000
17.83554450000000
17.83684530000000
17.83814810000000
17.83846660000000
17.83908270000000
17.84001920000000
17.84074400000000
17.84160800000000
17.84293170000000
17.84321970000000
17.84416960000000
17.84511940000000
17.84586900000000
17.84720420000000
17.84708020000000
17.84911720000000
17.84951210000000
17.85026740000000
17.85072320000000
17.85209460000000
17.85242460000000
17.85384940000000
17.85507770000000
17.85543820000000
17.85554500000000
17.85704800000000
17.85827820000000
17.85863300000000
17.85916320000000
17.85983650000000
17.86109920000000
17.86192510000000
17.86286730000000
17.86369510000000
17.86452670000000
17.86537740000000
17.86555480000000
17.86724280000000
17.86801330000000
17.86863890000000
17.86970710000000
17.87004660000000
17.87100600000000
17.87181280000000
17.87268060000000
17.87408440000000
17.87454220000000
17.87514870000000
17.87631030000000
17.87722580000000
17.87799450000000
17.87865250000000
17.87996100000000
17.87927430000000
17.88105580000000
17.88185500000000
17.88298600000000
17.88375470000000
17.88391680000000
17.88524430000000
17.88615790000000
17.88622090000000
17.88736720000000
17.88800620000000
17.88925930000000
17.88977240000000
17.89110560000000
17.89177700000000
17.89261810000000
17.89346500000000
17.89394760000000
17.89538000000000
17.89589110000000
17.89677040000000
17.89745520000000
17.89842790000000
17.89954560000000
17.90026660000000
17.90081210000000
17.90135380000000
17.90223120000000
17.90272140000000
17.90335270000000
17.90476600000000
17.90508840000000
17.90617370000000
17.90719980000000
17.90847390000000
17.90876000000000
17.90933410000000
17.91005130000000
17.91061970000000
17.91223520000000
17.91286650000000
17.91344450000000
17.91433900000000
17.91570280000000
17.91575430000000
17.91695590000000
17.91772650000000
17.91847410000000
17.91966430000000
17.92005340000000
17.92065040000000
17.92164610000000
17.92282670000000
17.92325780000000
17.92399780000000
17.92476840000000
17.92566870000000
17.92690650000000
17.92691610000000
17.92740050000000
17.92914580000000
17.92930030000000
17.93026920000000
17.93122670000000
17.93201060000000
17.93229860000000
17.93356890000000
17.93386260000000
17.93481820000000
17.93511580000000
17.93691820000000
17.93779180000000
17.93864630000000
17.93884840000000
17.94021600000000
17.94090650000000
17.94190590000000
17.94252390000000
17.94367020000000
17.94384000000000
17.94491190000000
17.94618790000000
17.94604870000000
17.94678300000000
17.94804950000000
17.94888110000000
17.94894590000000
17.95034590000000
17.95062250000000
17.95164870000000
17.95281790000000
17.95361130000000
17.95425030000000
17.95514100000000
17.95563500000000
17.95649710000000
17.95722570000000
17.95828240000000
17.95875740000000
17.95930480000000
17.96062270000000
17.96160690000000
17.96209330000000
17.96194450000000
17.96345900000000
17.96367450000000
17.96458810000000
17.96586220000000
17.96566960000000
17.96675300000000
17.96778480000000
17.96859350000000
17.96977040000000
17.97006410000000
17.97131910000000
17.97219460000000
17.97269820000000
17.97320740000000
17.97389600000000
17.97499270000000
17.97477720000000
17.97655860000000
17.97658920000000
17.97814550000000
17.97835920000000
17.97971720000000
17.98070520000000
17.98087120000000
17.98203650000000
17.98351470000000
17.98360250000000
17.98454470000000
17.98468200000000
17.98552320000000
17.98607820000000
17.98694990000000
17.98785400000000
17.98786920000000
17.98906700000000
17.99008560000000
17.99082560000000
17.99131580000000
17.99208060000000
17.99303810000000
17.99324980000000
17.99482910000000
17.99507330000000
17.99682420000000
17.99642750000000
17.99782370000000
17.99888220000000
17.99918740000000
17.99979010000000
18.00108330000000
18.00131790000000
18.00230970000000
18.00294490000000
18.00362200000000
18.00403780000000
18.00509070000000
18.00567620000000
18.00660320000000
18.00767510000000
18.00792120000000
18.00630180000000
18.00559800000000
18.00536150000000
18.00430290000000
18.00437160000000
18.00401300000000
18.00288580000000
18.00305740000000
18.00180430000000
18.00213050000000
18.00162120000000
18.00135610000000
18.00072860000000
18.00023840000000
17.99997710000000
17.99934950000000
17.99947540000000
17.99937820000000
17.99930000000000
17.99920080000000
17.99897570000000
17.99831190000000
17.99875830000000
17.99805250000000
17.99743080000000
17.99787130000000
17.99741740000000
17.99728960000000
17.99709320000000
17.99738690000000
17.99695200000000
17.99645990000000
17.99649040000000
17.99592780000000
17.99542040000000
17.99524870000000
17.99558250000000
17.99561690000000
17.99501800000000
17.99446670000000
17.99482530000000
17.99426650000000
17.99472230000000
17.99446670000000
17.99372860000000
17.99411390000000
17.99384490000000
17.99419970000000
17.99391360000000
17.99379340000000
17.99297330000000
17.99379530000000
17.99304190000000
17.99244490000000
17.99316210000000
17.99180410000000
17.99253460000000
17.99246970000000
17.99208060000000
17.99258990000000
17.99196810000000
17.99160760000000
17.99195670000000
17.99136730000000
17.99135780000000
17.99159240000000
17.99123380000000
17.99108120000000
17.99104880000000
17.99103540000000
17.99097820000000
17.99040030000000
17.99056620000000
17.99027820000000
17.99018280000000
17.99034500000000
17.99050900000000
17.98942940000000
17.98954200000000
17.99018470000000
17.99001120000000
17.98943510000000
17.98889730000000
17.98852340000000
17.98937030000000
17.98933210000000
17.98926160000000
17.98892020000000
17.98825830000000
17.98874660000000
17.98765370000000
17.98805800000000
17.98876380000000
17.98795120000000
17.98724550000000
17.98772430000000
17.98742480000000
17.98723410000000
17.98752780000000
17.98668860000000
17.98682590000000
17.98680870000000
17.98750110000000
17.98657980000000
17.98642530000000
17.98653030000000
17.98628610000000
17.98606680000000
17.98671720000000
17.98589510000000
17.98606100000000
17.98583220000000
17.98612210000000
17.98531910000000
17.98548120000000
17.98521420000000
17.98505400000000
17.98501200000000
17.98433490000000
17.98445510000000
17.98402590000000
17.98442450000000
17.98431770000000
17.98375320000000
17.98407360000000
17.98436540000000
17.98374550000000
17.98422620000000
17.98370360000000
17.98355670000000
17.98326490000000
17.98332210000000
17.98319430000000
17.98335070000000
17.98292730000000
17.98310080000000
17.98249430000000
17.98274800000000
17.98228070000000
17.98213000000000
17.98263930000000
17.98237030000000
17.98148910000000
17.98180380000000
17.98186870000000
17.98130410000000
17.98147010000000
17.98183820000000
17.98169130000000
17.98146050000000
17.98160930000000
17.98088260000000
17.98076620000000
17.98046110000000
17.98084250000000
17.98055070000000
17.98078720000000
17.98085020000000
17.98017120000000
17.97970770000000
17.98033140000000
17.98065560000000
17.98013490000000
17.97979730000000
17.98024550000000
17.97995940000000
17.97920410000000
17.97941970000000
17.97930140000000
17.97969810000000
17.97877880000000
17.97893520000000
17.97879980000000
17.97955130000000
17.97920030000000
17.97843740000000
17.97828670000000
17.97816650000000
17.97817990000000
17.97813980000000
17.97795860000000
17.97761340000000
17.97801390000000
17.97841260000000
17.97731590000000
17.97779270000000
17.97787090000000
17.97750090000000
17.97754660000000
17.97718040000000
17.97705450000000
17.97727960000000
17.97692680000000
17.97632020000000
17.97642320000000
17.97667120000000
17.97664830000000
17.97638130000000
17.97644040000000
17.97633170000000
17.97604370000000
17.97528640000000
17.97637360000000
17.97529220000000
17.97546380000000
17.97588530000000
17.97560310000000
17.97543710000000
17.97553250000000
17.97551910000000
17.97547910000000
17.97461120000000
17.97477340000000
17.97492400000000
17.97557250000000
17.97474670000000
17.97488590000000
17.97422210000000
17.97430410000000
17.97416870000000
17.97395700000000
17.97402950000000
17.97412300000000
17.97354310000000
17.97395130000000
17.97428890000000
17.97371480000000
17.97341910000000
17.97353740000000
17.97312160000000
17.97302620000000
17.97297660000000
17.97305290000000
17.97314260000000
17.97308540000000
17.97273820000000
17.97251700000000
17.97298430000000
17.97253790000000
17.97219270000000
17.97246550000000
17.97179600000000
17.97226900000000
17.97278780000000
17.97190660000000
17.97202490000000
17.97241020000000
17.97180930000000
17.97204200000000
17.97138590000000
17.97164530000000
17.97163960000000
17.97161290000000
17.97170440000000
17.97154420000000
17.97095100000000
17.97138970000000
17.97118940000000
17.97041130000000
17.97053710000000
17.97028920000000
17.97086900000000
17.97064590000000
17.97075460000000
17.97025100000000
17.97049520000000
17.96999350000000
17.96977420000000
17.96982950000000
17.96993820000000
17.97002220000000
17.97030250000000
17.96959110000000
17.96950530000000
17.96957960000000
17.96934700000000
17.96914860000000
17.96978750000000
17.96928020000000
17.96916000000000
17.96869850000000
17.96888350000000
17.96897120000000
17.96894450000000
17.96880720000000
17.96806900000000
17.96848670000000
17.96875190000000
17.96833410000000
17.96875000000000
17.96790500000000
17.96824830000000
17.96814720000000
17.96853060000000
17.96840470000000
17.96814150000000
17.96696280000000
17.96678920000000
17.96722030000000
17.96718970000000
17.96743960000000
17.96728130000000
17.96690750000000
17.96703140000000
17.96718020000000
17.96687500000000
17.96708100000000
17.96683690000000
17.96722410000000
17.96621130000000
17.96592900000000
17.96664610000000
17.96619030000000
17.96682350000000
17.96636770000000
17.96605300000000
17.96654890000000
17.96580690000000
17.96626660000000
17.96611590000000
17.96556470000000
17.96563910000000
17.96584700000000
17.96564290000000
17.96591940000000
17.96551510000000
17.96540060000000
17.96510310000000
17.96557230000000
17.96514120000000
17.96474450000000
17.96506880000000
17.96492380000000
17.96470450000000
17.96482080000000
17.96448890000000
17.96428870000000
17.96466820000000
17.96460720000000
17.96410940000000
17.96504210000000
17.96477120000000
17.96429060000000
17.96422950000000
17.96419140000000
17.96427150000000
17.96337500000000
17.96375650000000
17.96299740000000
17.96394340000000
17.96349900000000
17.96342840000000
17.96346660000000
17.96350090000000
17.96287340000000
17.96364400000000
17.96368780000000
17.96383660000000
17.96275320000000
17.96275900000000
17.96294020000000
17.96239660000000
17.96347420000000
17.96265020000000
17.96278380000000
17.96235080000000
17.96250910000000
17.96166990000000
17.96250150000000
17.96173660000000
17.96220580000000
17.96180910000000
17.96139330000000
17.96214860000000
17.96152110000000
17.96184730000000
17.96160690000000
17.96122550000000
17.96196170000000
17.96191970000000
17.96114920000000
17.96153830000000
17.96170800000000
17.96115300000000
17.96133040000000
17.96160690000000
17.96135900000000
17.96054070000000
17.96095650000000
17.96071810000000
17.96074290000000
17.96096800000000
17.96083250000000
17.96094510000000
17.95998380000000
17.96075430000000
17.96063610000000
17.95982740000000
17.96088790000000
17.95955840000000
17.95990940000000
17.96050450000000
17.95967100000000
17.96023750000000
17.96021650000000
17.95990560000000
17.95970720000000
17.96013250000000
17.95974920000000
17.95932190000000
17.95947830000000
17.95942870000000
17.95909300000000
17.95941730000000
17.95953750000000
17.95850370000000
17.95948020000000
17.95927420000000
17.95863720000000
17.95901100000000
17.95859140000000
17.95896720000000
17.95849030000000
17.95875540000000
17.95882600000000
17.95834730000000
17.95903580000000
17.95913120000000
17.95874780000000
17.95811080000000
17.95779600000000
17.95839500000000
17.95799250000000
17.95774450000000
17.95814700000000
17.95744700000000
17.95715900000000
17.95733450000000
17.95739740000000
17.95838730000000
17.95807070000000
17.95769690000000
17.95693580000000
17.95831680000000
17.95766250000000
17.95765110000000
17.95768160000000
17.95740500000000
17.95722570000000
17.95698920000000
17.95690910000000
17.95674320000000
17.95693200000000
17.95721810000000
17.95680040000000
17.95645900000000
17.95670120000000
17.95634650000000
17.95630450000000
17.95599550000000
17.95624160000000
17.95580670000000
17.95593450000000
