23.26501080000000
23.24294090000000
23.30277440000000
23.28053660000000
23.29332160000000
23.39610860000000
23.43912310000000
23.43833350000000
23.42213050000000
23.48748970000000
23.50365060000000
23.54435150000000
23.51766200000000
23.56153100000000
23.61191740000000
23.67822070000000
23.76484680000000
23.76404570000000
23.82029150000000
23.77518270000000
23.76400370000000
23.68040270000000
23.68526070000000
23.69145390000000
23.69654840000000
23.66862480000000
23.66767880000000
23.64638320000000
23.66665640000000
23.63409420000000
23.61095040000000
23.62349510000000
23.63785740000000
23.59852400000000
23.48027990000000
23.47399520000000
23.57835190000000
23.60269730000000
23.65332410000000
23.65279570000000
23.64576720000000
23.69061080000000
23.67827790000000
23.70722960000000
23.72748560000000
23.70737070000000
23.66668890000000
23.61631010000000
23.58715820000000
23.55555340000000
23.46405600000000
23.43581000000000
23.44377700000000
23.42461200000000
23.47051620000000
23.50713530000000
23.53564640000000
23.54685970000000
23.57739440000000
23.55739400000000
23.58539000000000
23.59508700000000
23.59433170000000
23.61271470000000
23.67326730000000
23.63056560000000
23.67125890000000
23.71557420000000
23.60797690000000
23.59834280000000
23.53040500000000
23.47316930000000
23.45956610000000
23.54195590000000
23.54061120000000
23.53616900000000
23.55872340000000
23.57598300000000
23.45673940000000
23.42683600000000
23.38493910000000
23.36801330000000
23.28632540000000
23.29716490000000
23.33245270000000
23.40556900000000
23.39828100000000
23.34060660000000
23.36304850000000
23.34364700000000
23.33727640000000
23.34826080000000
23.34606930000000
23.33615680000000
23.32451820000000
23.41440200000000
23.43035310000000
23.38999360000000
23.42328450000000
23.45696060000000
23.51231950000000
23.51304240000000
23.49810020000000
23.52703280000000
23.52365680000000
23.53641120000000
23.55216590000000
23.57279770000000
23.62431900000000
23.57453340000000
23.51317590000000
23.53197860000000
23.52271270000000
23.44914810000000
23.38675680000000
23.37589640000000
23.39889710000000
23.43087570000000
23.39558790000000
23.37029640000000
23.36349290000000
23.36083600000000
23.34274670000000
23.33107180000000
23.33758160000000
23.37480730000000
23.40935130000000
23.43859480000000
23.43051910000000
23.44550320000000
23.41843220000000
23.34427830000000
23.31479640000000
23.31558990000000
23.25382610000000
23.21620750000000
23.19840040000000
23.22215650000000
23.27211380000000
23.30683700000000
23.27602190000000
23.36937900000000
23.24042120000000
23.21320720000000
23.25169560000000
23.17638770000000
23.19292250000000
23.21158400000000
23.17339130000000
23.14997480000000
23.13727560000000
23.06042860000000
23.05598640000000
23.07377430000000
23.09694090000000
23.10853000000000
23.13028710000000
23.13161460000000
23.15736570000000
23.20374100000000
23.18522640000000
23.15211860000000
23.12798690000000
23.16238970000000
23.16403380000000
23.23074910000000
23.20026010000000
23.19894400000000
23.17295260000000
23.14772790000000
23.12641710000000
23.11694330000000
23.09824180000000
23.11642450000000
23.12917320000000
23.11381340000000
23.14290800000000
23.15594480000000
23.14332580000000
23.12233160000000
23.11104580000000
23.16262240000000
23.19972030000000
23.22658920000000
23.20555680000000
23.19007300000000
23.23236650000000
24.96931070000000
24.23207280000000
23.71433250000000
23.52274700000000
23.39685440000000
23.35226630000000
23.33238410000000
23.31863210000000
23.23083300000000
23.23850440000000
23.29315750000000
23.35710900000000
23.38545220000000
23.35076900000000
23.26443290000000
23.21636770000000
23.24331090000000
23.29055780000000
23.21621890000000
23.19610210000000
23.23469540000000
23.42540350000000
23.41722290000000
23.41367530000000
23.42313760000000
23.36565010000000
23.38780970000000
23.41178320000000
23.43409530000000
23.55847350000000
23.55111690000000
23.54564470000000
23.52984800000000
23.55109780000000
23.47933190000000
23.48558990000000
23.54662890000000
23.60282510000000
23.61568060000000
23.64039990000000
23.69149970000000
23.70821950000000
23.79291530000000
23.78203200000000
23.82199280000000
23.79943840000000
23.82644650000000
23.80909150000000
23.79647820000000
23.80663100000000
23.85549160000000
23.85655020000000
23.77862730000000
23.74028580000000
23.70817750000000
23.70924940000000
23.59936710000000
23.52914610000000
23.50722310000000
23.46606250000000
23.42713540000000
23.43063350000000
23.41107740000000
23.34936140000000
23.33278270000000
23.32032770000000
23.28166000000000
23.29520030000000
23.29631230000000
23.26905630000000
23.26679420000000
23.25344650000000
23.20890420000000
23.23255720000000
23.28246300000000
23.27328300000000
23.26891510000000
23.29434960000000
23.33972740000000
23.34943380000000
23.32715790000000
23.36028480000000
23.39068600000000
23.41974440000000
23.45763770000000
23.47784230000000
23.50865360000000
23.57295600000000
23.62582200000000
23.63897890000000
23.61532400000000
23.62423130000000
23.62526320000000
23.60017960000000
23.60146710000000
23.56671900000000
23.55690760000000
23.58238980000000
23.55713270000000
23.47545430000000
23.39742660000000
23.39144130000000
23.40348810000000
23.43185800000000
23.42864790000000
23.41494360000000
23.41225240000000
23.40815920000000
23.36826320000000
23.37263290000000
23.40546410000000
23.39454840000000
23.35862730000000
23.34075160000000
23.32874290000000
23.32880400000000
23.30708310000000
23.28684040000000
23.28239250000000
23.27425950000000
23.24744410000000
23.29327580000000
23.33291430000000
23.33781430000000
23.31729880000000
23.31812470000000
23.33949470000000
23.37933540000000
23.40311240000000
23.38077160000000
23.41377440000000
23.45732300000000
23.48782340000000
23.47124290000000
23.49040220000000
23.42801850000000
23.36954110000000
23.33446880000000
23.34104150000000
23.35016250000000
23.37047380000000
23.38472550000000
23.34200850000000
23.29063790000000
23.26932710000000
23.23854060000000
23.25841520000000
23.30888170000000
23.37721820000000
23.38117400000000
23.39311790000000
23.41627120000000
23.41049000000000
23.36775390000000
23.35074990000000
23.38781730000000
23.34191130000000
23.31443210000000
23.34252160000000
23.30919830000000
23.36555480000000
23.35928910000000
23.38029470000000
23.36928550000000
23.37109560000000
23.39473910000000
23.39879030000000
23.44261360000000
23.42800710000000
23.43515580000000
23.43760100000000
23.44370260000000
23.45465460000000
23.49794570000000
23.57533260000000
23.55173870000000
23.53797720000000
23.51765440000000
23.47196380000000
23.44268220000000
23.41494170000000
23.41863630000000
23.38473890000000
23.42657080000000
23.41311450000000
23.38224980000000
23.46764180000000
23.50980180000000
23.50201220000000
23.39658920000000
23.37890430000000
23.40718260000000
23.35946460000000
23.32963940000000
23.28774260000000
23.26254270000000
23.33219140000000
23.35748860000000
23.31417080000000
23.31016150000000
23.33368490000000
23.41742320000000
23.44011870000000
23.43402290000000
23.47111320000000
23.50011820000000
23.50136940000000
23.51922220000000
23.48267550000000
23.41726870000000
23.35523600000000
23.35344500000000
23.36382480000000
23.40777580000000
23.37912550000000
23.36056320000000
23.35759350000000
23.37375640000000
23.36943240000000
23.38050270000000
23.37454790000000
23.35782430000000
23.37956800000000
23.33101840000000
23.33373640000000
23.30063240000000
23.33801650000000
23.35791010000000
23.36246290000000
23.40602490000000
23.44458960000000
23.46945380000000
23.48076050000000
23.48521610000000
23.52933500000000
23.54793930000000
23.53993790000000
23.54476540000000
23.56302450000000
23.58752630000000
23.58577530000000
23.55608940000000
23.57461350000000
23.57467840000000
23.55942150000000
23.53874390000000
23.53694340000000
23.50867840000000
23.45795630000000
23.43869010000000
23.43452450000000
23.41441340000000
23.38579750000000
23.38741490000000
23.40639680000000
23.42531770000000
23.42903320000000
23.44715110000000
23.46829600000000
23.48308940000000
23.46097940000000
23.47348780000000
23.45420640000000
23.45647430000000
23.47767630000000
23.50554650000000
23.51621810000000
23.53325650000000
23.52524560000000
23.52876090000000
23.56843370000000
23.57484240000000
23.53518290000000
23.52301210000000
23.50550840000000
23.48657030000000
23.38583560000000
23.36409950000000
23.35087010000000
23.31901350000000
23.30087470000000
23.26850120000000
23.25258060000000
23.24526400000000
23.31385610000000
23.36626240000000
23.38882630000000
23.38884920000000
23.39198110000000
23.42016980000000
23.45706170000000
23.46805950000000
23.47413060000000
23.42713730000000
23.35292050000000
23.26353070000000
23.27706330000000
23.36501310000000
23.32955160000000
23.29162400000000
23.37592690000000
23.27506060000000
23.29444690000000
23.26806250000000
23.22300140000000
23.19796180000000
23.22427170000000
23.30481910000000
23.31692690000000
23.32378570000000
23.30803480000000
23.31125830000000
23.33909790000000
23.30932990000000
23.28502460000000
23.22827140000000
23.23507880000000
23.28897470000000
23.30273430000000
23.26503370000000
23.23909370000000
23.21597860000000
23.28080940000000
23.24859420000000
23.20945540000000
23.21983900000000
23.26517860000000
23.30366890000000
23.35744470000000
23.38684080000000
23.38779250000000
23.40383520000000
23.41566650000000
23.39332000000000
23.40142630000000
23.26702690000000
23.23814200000000
23.31528090000000
23.37982740000000
23.30664440000000
23.28331750000000
23.20621680000000
23.23581310000000
23.20467560000000
23.24387550000000
23.25213240000000
23.23383330000000
23.23743820000000
23.24175830000000
23.26295470000000
23.30391690000000
23.31549070000000
23.33181950000000
23.30493350000000
23.33176040000000
23.32360070000000
23.31717490000000
23.20158190000000
23.20914070000000
23.28824230000000
23.28505320000000
23.23387900000000
23.20347590000000
23.20944590000000
23.24504660000000
23.15542790000000
23.15390010000000
23.20122140000000
23.18331520000000
23.19565770000000
23.19496910000000
23.23024170000000
23.24293700000000
23.27796170000000
23.28143690000000
23.27152060000000
23.18639560000000
23.14821810000000
23.14088820000000
23.21801180000000
23.22303580000000
23.18287080000000
23.18952940000000
23.20518490000000
23.21439740000000
23.25153920000000
23.19966690000000
23.18006890000000
23.17414660000000
23.18324660000000
23.18829530000000
23.16935150000000
23.17690840000000
23.17463110000000
23.11738580000000
23.10608860000000
23.10691830000000
23.11854550000000
23.09792900000000
23.14504050000000
23.24809260000000
23.21865840000000
23.32631490000000
23.28507230000000
23.25370970000000
23.27256770000000
23.29701990000000
23.31209940000000
23.23522940000000
23.30302230000000
23.37397570000000
23.38872140000000
23.39108840000000
23.40353580000000
23.42749780000000
23.42685120000000
23.42049980000000
23.40014070000000
23.41217800000000
23.37817760000000
23.35908120000000
23.36778060000000
23.38874050000000
23.39311210000000
23.35430710000000
23.35361480000000
23.34537690000000
23.34245680000000
23.35109510000000
23.31446830000000
23.22346870000000
23.25038330000000
23.24959940000000
23.14368820000000
23.12251850000000
23.14589500000000
23.09104150000000
23.09215160000000
23.14768210000000
23.15167610000000
23.12527460000000
23.11422530000000
23.14068030000000
23.19425390000000
23.23196600000000
23.27116770000000
23.25352090000000
23.24563020000000
23.28349300000000
23.30094710000000
23.32114410000000
23.31635470000000
23.32368850000000
23.33623120000000
23.31090160000000
23.26464270000000
23.30170630000000
23.29868690000000
23.29059020000000
23.30702010000000
23.29753110000000
23.23618310000000
23.18398090000000
23.14538190000000
23.10801690000000
23.09278670000000
23.13045310000000
23.12493890000000
23.12331000000000
23.13893120000000
23.13109010000000
23.07199850000000
23.07601350000000
23.08386420000000
23.13022040000000
23.15405650000000
23.18184280000000
23.20796390000000
23.22379680000000
23.23986050000000
23.21480560000000
23.16007990000000
23.19227600000000
23.22227090000000
23.28229710000000
23.26340480000000
23.29689780000000
23.26541700000000
23.26283640000000
23.23586460000000
23.21702190000000
23.21755590000000
23.20824430000000
23.25930400000000
23.25485610000000
23.26871490000000
23.28544420000000
23.23270410000000
23.22525020000000
23.21513360000000
23.17859260000000
23.18305010000000
23.15644450000000
23.14118000000000
23.18061440000000
23.17887680000000
23.19469070000000
23.20331760000000
23.21056740000000
23.22225570000000
23.22290030000000
23.25209230000000
23.25593180000000
23.23235890000000
23.22874250000000
23.21022980000000
23.22254560000000
23.23335450000000
23.29082870000000
23.20441240000000
23.14378920000000
23.12863340000000
23.15358160000000
23.16638370000000
23.14820480000000
23.16434860000000
23.16691390000000
23.15975570000000
23.20773310000000
23.23669810000000
23.25661080000000
23.21090690000000
23.17742340000000
23.13206100000000
23.12228200000000
23.15515700000000
23.19050970000000
23.17986480000000
23.28303520000000
23.26510420000000
23.27238650000000
23.30431170000000
23.32003590000000
23.29083060000000
23.26828190000000
23.26781650000000
23.29298010000000
23.29229350000000
23.32823180000000
23.38838190000000
23.37477870000000
23.33972350000000
23.35447880000000
23.34656520000000
23.36915960000000
23.36648940000000
23.25468060000000
23.24213790000000
23.24143020000000
23.23329920000000
23.26897430000000
23.26530450000000
23.27186390000000
23.21431920000000
23.17050740000000
23.16740790000000
23.21127510000000
23.25626940000000
23.36969370000000
23.30451200000000
23.26596450000000
23.23854630000000
23.20638460000000
23.17817870000000
23.14878840000000
23.10410110000000
23.11184500000000
23.06792640000000
23.04230690000000
23.02723880000000
23.03421020000000
23.05911820000000
23.09717940000000
23.11226840000000
23.10679240000000
23.11047740000000
23.06428900000000
23.07254400000000
23.09071540000000
23.08372300000000
23.12943840000000
23.17952530000000
23.16869540000000
23.17318910000000
23.20233150000000
23.18053620000000
23.08886900000000
23.06334110000000
23.08237640000000
23.07120700000000
23.05858610000000
23.04084580000000
23.02025030000000
23.01615710000000
23.05146210000000
23.04371640000000
23.10407820000000
23.05160330000000
23.04794120000000
23.04471960000000
22.97652430000000
22.95594400000000
22.97008130000000
22.94896120000000
22.94125360000000
22.94675060000000
22.93980400000000
22.92688750000000
22.92052260000000
22.87941550000000
22.87623020000000
22.88994780000000
22.91052620000000
22.92845150000000
22.96291920000000
22.92353630000000
22.92478170000000
22.93431660000000
22.91755480000000
22.93943590000000
22.96175950000000
22.97412490000000
22.92622750000000
22.92943570000000
22.93573950000000
22.99632070000000
23.01322170000000
22.98317520000000
23.01999850000000
23.09346190000000
23.02045630000000
23.05647460000000
23.05130760000000
23.05363840000000
23.10207930000000
22.97825050000000
22.96563520000000
22.96741290000000
22.97863190000000
22.98529620000000
22.99459830000000
22.94997590000000
22.90077590000000
22.96748350000000
22.94222060000000
22.88743010000000
22.90151020000000
22.90580360000000
22.87986180000000
22.88337130000000
22.92387770000000
22.93928900000000
22.94506830000000
22.96103090000000
22.97340580000000
22.98114390000000
23.01912870000000
23.03502650000000
23.02456470000000
22.99270820000000
23.00372500000000
23.03053280000000
23.08618540000000
23.12877460000000
23.09346960000000
23.00113290000000
23.03783220000000
22.97937960000000
22.95298190000000
22.95926850000000
22.97319980000000
22.94089500000000
22.98914900000000
23.04326820000000
23.06134220000000
23.03695100000000
23.01553530000000
23.01100540000000
22.99441900000000
22.99655530000000
23.01420970000000
23.02949520000000
23.06090160000000
23.09906570000000
23.11639020000000
23.11368940000000
23.13590430000000
23.12833210000000
23.09886930000000
23.06169120000000
22.97794150000000
22.93358230000000
22.86390110000000
22.86126700000000
22.90188780000000
22.94504350000000
23.01306150000000
23.02233880000000
23.06284520000000
23.08979410000000
23.07904430000000
23.06951520000000
23.07503500000000
23.10083770000000
23.11020660000000
23.12912750000000
23.15959540000000
23.13523480000000
23.15783690000000
23.12581060000000
23.07983770000000
23.07563780000000
23.06076240000000
23.09121700000000
23.03989020000000
23.02664180000000
23.10276410000000
23.09959030000000
23.08211510000000
23.01121520000000
22.96436300000000
22.99204820000000
23.02747720000000
23.02343750000000
23.05951490000000
23.07200240000000
23.04987330000000
23.09420200000000
23.04811850000000
23.04973600000000
23.08415410000000
23.07084460000000
23.06353950000000
23.08131790000000
23.09568780000000
23.10259050000000
23.10967820000000
23.12239260000000
23.13830940000000
23.16619870000000
23.22019760000000
23.20245550000000
23.22023960000000
23.20007890000000
23.19962120000000
23.19813150000000
23.19291680000000
23.20292090000000
23.21411130000000
23.23675720000000
23.28410530000000
23.29929730000000
23.29290770000000
23.26343720000000
23.29373930000000
23.27634230000000
23.27449030000000
23.28549190000000
23.27473250000000
23.30137820000000
23.33097070000000
23.32464400000000
23.36408230000000
23.38444900000000
23.37865440000000
23.39681430000000
23.41934580000000
23.43059730000000
23.40369410000000
23.47023770000000
23.51646990000000
23.50019640000000
23.48418420000000
23.49394220000000
23.51259230000000
23.50333590000000
23.51191130000000
23.53030010000000
23.53510280000000
23.52228920000000
23.53476900000000
23.54116820000000
23.55997460000000
23.55274200000000
23.56213560000000
23.54455750000000
23.53449050000000
23.51643370000000
23.53216170000000
23.63191030000000
23.72840490000000
23.99717710000000
23.81407160000000
23.73415180000000
23.67373460000000
23.66692160000000
23.75441930000000
23.76916690000000
24.09924690000000
24.15650550000000
24.50377080000000
24.23730650000000
24.13309470000000
24.06159210000000
24.01887320000000
23.89870830000000
23.97668260000000
24.46232790000000
24.15655700000000
24.01724050000000
23.92906570000000
23.89076420000000
23.89007180000000
23.85998910000000
23.81624030000000
23.73031990000000
23.68818850000000
23.77577200000000
23.81153860000000
23.90701290000000
23.86920350000000
23.83891860000000
23.83657640000000
23.87246890000000
23.87495040000000
23.87723540000000
23.90561100000000
23.96822730000000
23.97045510000000
23.94075580000000
23.93296810000000
23.92567250000000
23.92060470000000
23.92782780000000
23.93659010000000
23.94843290000000
23.96725080000000
23.90371130000000
23.87137980000000
23.84602920000000
23.85078430000000
23.84279440000000
23.85336680000000
23.82539930000000
23.79677000000000
23.79347800000000
23.76034730000000
23.72732540000000
23.73631090000000
23.70786850000000
23.70279690000000
23.69475170000000
23.70841970000000
23.68953890000000
23.72478670000000
23.71878810000000
23.66268340000000
23.62857240000000
23.60292240000000
23.60204120000000
23.64396090000000
23.54442400000000
23.48416320000000
23.48514550000000
23.44962500000000
23.47263900000000
23.47810360000000
23.42494960000000
23.34964750000000
23.34546470000000
23.32836910000000
23.34818640000000
23.34747880000000
23.33653060000000
23.31010050000000
23.35874550000000
23.34112930000000
23.34130090000000
23.30799100000000
23.29596510000000
23.34597200000000
23.37344740000000
23.32586280000000
23.30581660000000
23.27923010000000
23.40004340000000
23.39075270000000
23.35880470000000
23.36008830000000
23.36062430000000
23.36544600000000
23.41263380000000
23.40722650000000
23.32672880000000
23.32032390000000
23.22459410000000
23.16374960000000
23.17539970000000
23.23828310000000
23.26581190000000
23.31721490000000
23.36382480000000
23.39247130000000
23.42353430000000
23.38430400000000
23.36804960000000
23.34007260000000
23.35465430000000
23.35932730000000
23.29047200000000
23.24486920000000
23.23963730000000
23.22006600000000
23.19115060000000
23.18652150000000
23.19653510000000
23.19714160000000
23.12429040000000
23.02137560000000
23.03241720000000
23.05661580000000
23.05110540000000
23.03252600000000
23.05873870000000
23.07857320000000
23.07985870000000
23.04785720000000
23.06391330000000
23.16147420000000
23.19836040000000
23.23789970000000
23.23478500000000
23.24615660000000
23.21939270000000
23.18086430000000
23.20882600000000
23.24760810000000
23.27489470000000
23.30751990000000
23.35471910000000
23.35940550000000
23.32943150000000
23.39478680000000
23.34627910000000
23.28062050000000
23.21470060000000
23.23735040000000
23.23833650000000
23.32209010000000
23.27652160000000
23.23091880000000
23.21091840000000
23.19873420000000
23.22067640000000
23.22047990000000
23.21068570000000
23.20070640000000
23.18193430000000
23.16928480000000
23.12202070000000
23.01945490000000
23.06890290000000
23.12687680000000
23.17078200000000
23.18298720000000
23.22695920000000
23.25779340000000
23.28777120000000
23.35048860000000
23.34992210000000
23.30937760000000
23.30941000000000
23.30780220000000
23.35392950000000
23.33199310000000
23.33829110000000
23.31464000000000
23.33284370000000
23.34718700000000
23.35050200000000
23.37179560000000
23.34614560000000
23.32734680000000
23.32560150000000
23.33840940000000
23.34363930000000
23.35380930000000
23.38989440000000
23.40375510000000
23.41240500000000
23.45022960000000
23.43389890000000
23.42594710000000
23.43039700000000
23.45303340000000
23.44493480000000
23.46571350000000
23.44627950000000
23.47539130000000
23.48835750000000
23.42838850000000
23.41009330000000
23.40480040000000
23.39000510000000
23.35071560000000
23.35487360000000
23.36404990000000
23.36758230000000
23.37219040000000
23.33821290000000
23.33234590000000
23.31830780000000
23.28400420000000
23.22598450000000
23.22615240000000
23.23707580000000
23.22930140000000
23.23578260000000
23.25470350000000
23.28572460000000
23.29817580000000
23.30858030000000
23.33755870000000
23.31989280000000
23.29013820000000
23.31100840000000
23.32703780000000
23.33259200000000
23.31461710000000
23.25159830000000
23.19945140000000
23.18740650000000
23.21324150000000
23.22385020000000
23.24388500000000
23.26457400000000
23.24665260000000
23.25424760000000
23.24519530000000
23.24595640000000
23.15507690000000
23.13991920000000
23.14912790000000
23.15276140000000
23.15290060000000
23.15786550000000
23.15736770000000
23.17182350000000
23.13741680000000
23.12434380000000
23.09113310000000
23.06343460000000
23.11220350000000
23.17141150000000
23.15578460000000
23.15665810000000
23.14931480000000
23.14592170000000
23.10255620000000
23.01055900000000
23.03558340000000
23.02972600000000
22.97218130000000
23.04103850000000
23.03770250000000
23.06766510000000
23.06809990000000
23.08589550000000
23.08584020000000
23.11014740000000
23.12160300000000
23.12115470000000
23.14215850000000
23.13021850000000
23.14028350000000
23.14092440000000
23.11458200000000
23.15337750000000
23.19656940000000
23.18876830000000
23.13089370000000
23.12286940000000
23.15218350000000
23.16119380000000
23.15551180000000
23.17634200000000
23.15553660000000
23.12947080000000
23.19179720000000
23.24663350000000
23.22098350000000
23.14813610000000
23.11049270000000
23.13339800000000
23.18449210000000
23.17112730000000
23.12287710000000
23.06259910000000
23.03457640000000
23.03794860000000
23.08539390000000
23.07642360000000
23.08454510000000
23.07604400000000
23.07848540000000
23.09356880000000
23.13320730000000
23.15795510000000
23.12858580000000
23.14271920000000
23.17909430000000
23.14038270000000
23.10898200000000
23.04830930000000
23.02287480000000
23.00634950000000
23.06168740000000
23.11890980000000
23.12347600000000
23.07549280000000
23.09934230000000
23.13497920000000
23.17170710000000
23.18146510000000
23.19898030000000
23.23852150000000
23.29072760000000
23.35441970000000
23.41020390000000
23.41418830000000
23.37641330000000
23.33094780000000
23.34715270000000
23.29792590000000
23.23128700000000
23.19978140000000
23.23411360000000
23.29343600000000
23.31590840000000
23.30744930000000
23.33173750000000
23.32207480000000
23.31049910000000
23.28811260000000
23.30550380000000
23.38339420000000
23.33155820000000
23.32946200000000
23.32539930000000
23.32764620000000
23.33491510000000
23.35284610000000
23.37929530000000
23.40591620000000
23.40800660000000
23.41550630000000
23.45411100000000
23.46884340000000
23.43870540000000
23.37196730000000
23.33283800000000
23.32197180000000
23.32120890000000
23.29094120000000
23.26909250000000
23.23171230000000
23.14493170000000
23.07786170000000
23.09526060000000
23.07691190000000
23.07803340000000
23.06428330000000
23.10178940000000
23.10298720000000
23.12017630000000
23.13595960000000
23.11118310000000
23.11598580000000
23.09956740000000
23.07427590000000
23.06095880000000
23.05438040000000
23.04054830000000
23.02044860000000
23.02441020000000
23.00232880000000
23.01861380000000
23.01266860000000
23.05566780000000
23.06541630000000
23.10043330000000
23.15538210000000
23.11525340000000
23.07491110000000
23.20638080000000
23.14599600000000
23.20432850000000
23.18404960000000
23.21758070000000
23.28585620000000
23.27044480000000
23.24878880000000
23.26447290000000
23.26484290000000
23.26823800000000
23.24678030000000
23.25580780000000
23.27805700000000
23.27278130000000
23.27820200000000
23.28376380000000
23.24236100000000
23.16628070000000
23.11841580000000
23.13550370000000
23.06476970000000
23.01147650000000
23.02945700000000
23.04967490000000
23.13382140000000
23.15089220000000
23.20593830000000
23.26964560000000
23.30175590000000
23.32316200000000
23.34971800000000
23.40830990000000
23.41225430000000
23.40915480000000
23.46522900000000
23.47652430000000
23.44758030000000
23.41068840000000
23.41695020000000
23.42711440000000
23.44469450000000
23.44355770000000
23.41984930000000
23.37085530000000
23.35754200000000
23.33921240000000
23.33540910000000
23.39339630000000
23.31739990000000
23.23220060000000
23.25744810000000
23.22995750000000
23.22997660000000
23.21270750000000
23.23294630000000
23.26403230000000
23.29305830000000
23.26837530000000
23.28073500000000
23.26321410000000
23.25132360000000
23.26812360000000
23.25050730000000
23.25086780000000
23.29311940000000
23.33511730000000
23.43274680000000
23.28372950000000
23.31553070000000
23.31299400000000
23.33135410000000
23.23174470000000
23.19645880000000
23.14371870000000
23.10889620000000
23.14796630000000
23.14921180000000
23.16024780000000
23.16090390000000
23.16380310000000
23.10918040000000
23.12347790000000
23.08340450000000
23.10258860000000
23.11792560000000
23.13982200000000
23.08734510000000
23.09820360000000
23.09051320000000
23.05780020000000
23.06800650000000
23.08749580000000
23.10972210000000
23.10903160000000
23.15813440000000
23.17305940000000
23.16862480000000
23.19996640000000
23.24227330000000
23.25751870000000
23.26086040000000
23.26297370000000
23.25443640000000
23.26689910000000
23.28183170000000
23.32420920000000
23.34976950000000
23.32557670000000
23.37529180000000
23.29166220000000
23.26126280000000
23.25390620000000
23.27754780000000
23.31645010000000
23.28085320000000
23.28746220000000
23.29458610000000
23.34454340000000
23.36701010000000
23.41036220000000
23.40159790000000
23.41425510000000
23.44548220000000
23.49674600000000
23.51444050000000
23.50079150000000
23.49790380000000
23.49089810000000
23.50068090000000
23.50390810000000
23.50779720000000
23.53857990000000
23.45923610000000
23.45194240000000
23.34124560000000
23.25782580000000
23.29057500000000
23.16152380000000
23.18953510000000
23.31442640000000
23.57158660000000
23.67226600000000
23.65944860000000
23.67780110000000
23.64559360000000
23.68747320000000
23.69509500000000
23.67849730000000
23.65661430000000
23.60568610000000
23.56628600000000
23.53130340000000
23.50498960000000
23.52591130000000
23.64620390000000
23.73867220000000
23.70510860000000
23.66905210000000
23.61785500000000
23.53938860000000
23.61644930000000
23.46384810000000
23.32424160000000
23.20220560000000
23.17627710000000
23.14174460000000
23.07736010000000
23.05073730000000
23.06343070000000
23.09801670000000
23.13329310000000
23.21503250000000
23.26844780000000
23.29998390000000
23.30054470000000
23.28433790000000
23.28027530000000
23.28049850000000
23.28559490000000
23.33967970000000
23.36708640000000
23.37707710000000
23.39698020000000
23.43108940000000
23.43924140000000
23.45635410000000
23.48268500000000
23.43637650000000
23.42242620000000
23.42311470000000
23.47620010000000
23.49423980000000
23.47575370000000
23.53164480000000
23.61069670000000
23.64959140000000
23.59007830000000
23.64235300000000
23.73847000000000
23.62182800000000
23.52556220000000
23.46076770000000
23.36616130000000
23.38525960000000
23.27406690000000
23.28993220000000
23.33026310000000
23.37644000000000
23.39155570000000
23.44386100000000
23.40143770000000
23.33920860000000
23.35380550000000
23.31869310000000
23.27614780000000
23.26308250000000
23.24739450000000
23.24417490000000
23.32289120000000
23.34894180000000
23.36081310000000
23.28278350000000
23.23840900000000
23.26135820000000
23.27636520000000
23.24586100000000
23.25207710000000
23.31116290000000
23.34639730000000
23.31236450000000
23.25948140000000
23.21820440000000
23.18456070000000
23.21667280000000
23.26760480000000
23.33979220000000
23.37746230000000
23.33745380000000
23.33437910000000
23.32151600000000
23.31998630000000
23.31590460000000
23.26582140000000
23.23953810000000
23.21848670000000
23.24795910000000
23.26704590000000
23.26595110000000
23.29962730000000
23.33236880000000
23.41890900000000
23.41306490000000
23.46099850000000
23.53171730000000
23.62839310000000
23.59725180000000
23.59066580000000
23.59097860000000
23.58179470000000
23.57619850000000
23.55068200000000
23.55807680000000
23.56745910000000
23.49445530000000
23.42303080000000
23.39307780000000
23.34364700000000
23.36308090000000
23.34647940000000
23.28012270000000
23.27177230000000
23.26062580000000
23.21094700000000
23.20547290000000
23.17173760000000
23.17971030000000
23.20103450000000
23.19117540000000
23.16746520000000
23.18375200000000
23.20138540000000
23.19097700000000
23.26234430000000
23.20558920000000
23.21811860000000
23.26234240000000
23.21508590000000
23.22970000000000
23.29070850000000
23.31079290000000
23.35135840000000
23.36978720000000
23.37396040000000
23.36992450000000
23.39516060000000
23.33386990000000
23.29921530000000
23.27309410000000
23.29623410000000
23.29117390000000
23.33979220000000
23.31122200000000
23.26431650000000
23.27994910000000
23.26552000000000
23.28333660000000
23.27699850000000
23.27692980000000
23.32719610000000
23.35880660000000
23.33989330000000
23.41687770000000
23.39750090000000
23.40220830000000
23.43790430000000
23.41932480000000
23.39477530000000
23.30605880000000
23.24872770000000
23.32932470000000
23.57403750000000
23.72412870000000
23.69071960000000
23.62948600000000
23.60852620000000
23.59922790000000
23.60800740000000
23.62303540000000
23.60011860000000
23.50933640000000
23.39502520000000
23.50804710000000
23.40194890000000
23.38301080000000
23.33957090000000
23.28736870000000
23.25247570000000
23.24380490000000
23.25340650000000
23.26678840000000
23.21257590000000
23.27259250000000
23.20911020000000
23.16845320000000
23.20615000000000
23.21142950000000
23.30467980000000
23.31738090000000
23.37613100000000
23.41780090000000
23.40578650000000
23.37983510000000
23.37638850000000
23.34677120000000
23.33055110000000
23.32181350000000
23.32418060000000
23.26149550000000
23.24377630000000
23.24596020000000
23.28865240000000
23.29052350000000
23.27297010000000
23.28709220000000
23.28239050000000
23.26802440000000
23.25983230000000
23.23742860000000
23.23223680000000
23.23979940000000
23.25827780000000
23.25037760000000
23.28676410000000
23.28877250000000
23.28879730000000
23.29273980000000
23.27592840000000
23.23829070000000
23.22000500000000
23.13896170000000
23.09200660000000
23.10241880000000
23.16011230000000
23.23381990000000
23.24940290000000
23.28596870000000
23.39511680000000
23.42187690000000
23.38536070000000
23.37119290000000
23.35045240000000
23.33275790000000
23.32307810000000
23.31569860000000
23.31170650000000
23.30693430000000
23.30877680000000
23.31606100000000
23.33928100000000
23.35006710000000
23.36644550000000
23.37064170000000
23.37011520000000
23.33781240000000
23.42294120000000
23.36396400000000
23.44370840000000
23.36236380000000
23.35329620000000
23.33757010000000
23.38633910000000
23.40866660000000
23.42048070000000
23.46135520000000
23.49610710000000
23.51380530000000
23.52606580000000
23.44815440000000
23.41560360000000
23.42895500000000
23.44712820000000
23.45022580000000
23.37990370000000
23.36534500000000
23.33899300000000
23.35399050000000
23.33804700000000
23.32114210000000
23.28887930000000
23.31850240000000
23.36720840000000
23.39575000000000
23.36074630000000
23.35991660000000
23.31033700000000
23.27751920000000
23.27758590000000
23.31277080000000
23.29568860000000
23.27030750000000
23.31348800000000
23.34346000000000
23.20063200000000
23.22158810000000
23.25958250000000
23.29781530000000
23.29520790000000
23.27536580000000
23.33650770000000
23.22729680000000
23.14007560000000
23.13808050000000
23.21821020000000
23.26590720000000
23.26555820000000
23.30008500000000
23.30647080000000
23.32278060000000
23.35644140000000
23.41553680000000
23.42123980000000
23.46196360000000
23.45185850000000
23.44006150000000
23.47804060000000
23.43819230000000
23.46203800000000
23.50570290000000
23.53712080000000
23.54936020000000
23.56566810000000
23.56341550000000
23.58768840000000
23.64712710000000
23.60966490000000
23.60244560000000
23.59459300000000
23.63247100000000
23.61107250000000
23.64266390000000
23.69609830000000
23.70898430000000
23.72112650000000
23.77848050000000
23.81661790000000
23.81707950000000
23.83731070000000
23.87420650000000
23.86476890000000
23.89442630000000
23.93457790000000
23.94416610000000
23.90658370000000
23.81221580000000
23.77788730000000
23.69318960000000
23.60399810000000
23.52347370000000
23.49012370000000
23.45340340000000
23.42974090000000
23.47505180000000
23.58104320000000
23.59381670000000
23.59571450000000
23.57968520000000
23.61979290000000
23.64282790000000
23.56872740000000
23.54706760000000
23.56267540000000
23.55502510000000
23.53968230000000
23.51701350000000
23.48746100000000
23.53356360000000
23.56627080000000
23.58219710000000
23.61861220000000
23.71325110000000
23.66127960000000
23.67321390000000
23.68354600000000
23.65321350000000
23.67865180000000
23.64021490000000
23.61788740000000
23.61481850000000
23.62870020000000
23.59891310000000
23.58535190000000
23.55042260000000
23.61106680000000
23.65345950000000
23.65827360000000
23.55995940000000
23.51613610000000
23.48014060000000
23.45711320000000
23.51553530000000
23.48418230000000
23.46100800000000
23.44847860000000
23.40907850000000
23.40407180000000
23.43209260000000
23.51788520000000
23.53123850000000
23.53652760000000
23.52702710000000
23.46632000000000
23.42893020000000
23.42707060000000
23.41337770000000
23.39702030000000
23.37235450000000
23.39019010000000
23.41067880000000
23.43853560000000
23.43885610000000
23.45933720000000
23.48689070000000
23.50445740000000
23.50593180000000
23.49933050000000
23.50931350000000
23.50828360000000
23.49724000000000
23.54265210000000
23.59013930000000
23.62418360000000
23.64353560000000
23.62398330000000
23.53044890000000
23.48887060000000
23.49332040000000
23.44998930000000
23.43043320000000
23.41715810000000
23.41797820000000
23.41866110000000
23.41063110000000
23.45451540000000
23.52823250000000
23.50294490000000
23.38774870000000
23.44041250000000
23.51028440000000
23.54407690000000
23.53779600000000
23.55899040000000
23.55024330000000
23.56287380000000
23.56020730000000
23.55092620000000
23.54314610000000
23.54643050000000
23.55886450000000
23.56196400000000
23.57612990000000
23.61728280000000
23.66139220000000
23.68611900000000
23.64184950000000
23.65010070000000
23.59930990000000
23.56249800000000
23.53144450000000
23.55622480000000
23.59720030000000
23.63162610000000
23.63943290000000
23.60475540000000
23.63409420000000
23.66431990000000
23.68612480000000
23.72660250000000
23.72441100000000
23.70015710000000
23.67390250000000
23.63697240000000
23.60936540000000
23.60589020000000
23.61697760000000
23.61514850000000
23.64459990000000
23.65413470000000
23.64671320000000
23.63271520000000
23.62561220000000
23.62169070000000
23.63912200000000
23.66636080000000
23.68108170000000
23.66380880000000
23.68625060000000
23.70592680000000
23.70570370000000
23.73172760000000
23.73868170000000
23.74784080000000
23.73239700000000
23.74431030000000
23.76686280000000
23.75575250000000
23.75098030000000
23.76332660000000
23.77937120000000
23.75121110000000
23.77198020000000
23.76003070000000
23.70836630000000
23.69053450000000
23.66383740000000
23.68238630000000
23.68598930000000
23.64907070000000
23.62354850000000
23.59784120000000
23.62639230000000
23.62561220000000
23.55356020000000
23.52401350000000
23.49570840000000
23.49573130000000
23.44766230000000
23.44887540000000
23.42783540000000
23.44338600000000
23.45126720000000
23.45140260000000
23.44650260000000
23.45308870000000
23.43890950000000
23.46304510000000
23.44782820000000
23.42454330000000
23.45049280000000
23.59347150000000
23.65648070000000
23.67906760000000
23.68392370000000
23.70144080000000
23.76654620000000
23.67749400000000
23.67704960000000
23.64871400000000
23.61599920000000
23.62266540000000
23.62335580000000
23.60921280000000
23.60592460000000
23.62731930000000
23.64871970000000
23.65874860000000
23.66757960000000
23.66157530000000
23.67057800000000
23.66653820000000
23.68077650000000
23.70559690000000
23.71483610000000
23.67571060000000
23.66724770000000
23.65736770000000
23.65575210000000
23.66148370000000
23.63011160000000
23.58896250000000
23.59624670000000
23.61150160000000
23.59238050000000
23.57263370000000
23.57429120000000
23.58441540000000
23.61314390000000
23.61068910000000
23.58174320000000
23.57889550000000
23.57882490000000
23.57777590000000
23.59513090000000
23.61483380000000
23.60787390000000
23.59510230000000
23.57066340000000
23.55646890000000
23.54613870000000
23.59138480000000
23.61922640000000
23.59682460000000
23.56665420000000
23.51637260000000
23.51523970000000
23.55266570000000
23.50153730000000
23.47415160000000
23.43756290000000
23.43541710000000
23.45626250000000
23.47919840000000
23.49834250000000
23.52043910000000
23.52869600000000
23.53717990000000
23.54008860000000
23.56189910000000
23.55146590000000
23.53131480000000
23.54430770000000
23.52641480000000
23.53245350000000
23.54100410000000
23.50980560000000
23.54784770000000
23.57780830000000
23.60966300000000
23.61237900000000
23.61078260000000
23.64734640000000
23.67612450000000
23.71034620000000
23.73938750000000
23.73169890000000
23.72496790000000
23.73630330000000
23.71096610000000
23.65420910000000
23.67748450000000
23.68392560000000
23.66889950000000
23.68426510000000
23.64500420000000
23.69925300000000
23.73029700000000
23.72472190000000
23.65739250000000
23.66698450000000
23.67440790000000
23.68701360000000
23.63189690000000
23.59942810000000
23.61177630000000
23.64828300000000
23.62704270000000
23.59761040000000
23.59301560000000
23.62523460000000
23.62396040000000
23.60955610000000
23.60885810000000
23.62416070000000
23.62023350000000
23.60778230000000
23.64225190000000
23.68299860000000
23.68436240000000
23.67180060000000
23.65203850000000
23.63145820000000
23.62412450000000
23.57756990000000
23.56920620000000
23.57105630000000
23.56314080000000
23.59711640000000
23.54899590000000
23.55423730000000
23.53083800000000
23.50742530000000
23.51168060000000
23.47849460000000
23.50485800000000
23.51020430000000
23.50513450000000
23.50603100000000
23.50844760000000
23.49208250000000
23.52528380000000
23.53849220000000
23.53156280000000
23.54609680000000
23.53200140000000
23.53307720000000
23.45741650000000
23.41720190000000
23.33838650000000
23.27984040000000
23.33044240000000
23.35727310000000
23.37297240000000
23.41303060000000
23.48266980000000
23.51380530000000
23.51146880000000
23.50487130000000
23.49733730000000
23.50141140000000
23.45563310000000
23.46846000000000
23.49388690000000
23.48010440000000
23.46427530000000
23.47814360000000
23.46180720000000
23.47196760000000
23.43542860000000
23.43201630000000
23.44626040000000
23.39083860000000
23.37267490000000
23.41519920000000
23.36363220000000
23.32633010000000
23.34412950000000
23.40511510000000
23.48422240000000
23.50333970000000
23.57802200000000
23.61182210000000
23.63046070000000
23.62503620000000
23.62102120000000
23.66928480000000
23.71009250000000
23.67189780000000
23.62840270000000
23.64707560000000
23.66517250000000
23.64377780000000
23.63756370000000
23.68167870000000
23.69441600000000
23.66057390000000
23.62899970000000
23.62844840000000
23.64682000000000
23.58660690000000
23.58557510000000
23.56493940000000
23.53978910000000
23.57057380000000
23.60255430000000
23.63238710000000
23.67523000000000
23.67958830000000
23.69104950000000
23.68735690000000
23.71529960000000
23.72586630000000
23.72129440000000
23.70691290000000
23.68598550000000
23.68112560000000
23.63927650000000
23.61604490000000
23.65087120000000
23.67099180000000
23.56944650000000
23.56856910000000
23.56139560000000
23.55443570000000
23.57390020000000
23.55302610000000
23.55578610000000
23.57009120000000
23.62657540000000
23.66039650000000
23.69740480000000
23.74917790000000
23.71933740000000
23.74362560000000
23.75539390000000
23.77346800000000
23.79193680000000
23.79938880000000
23.72744560000000
23.71397390000000
23.69232940000000
23.66727820000000
23.75443070000000
23.77843280000000
23.83228300000000
23.82448950000000
23.86867520000000
23.87761490000000
23.89589690000000
23.91462320000000
23.94388000000000
23.96256820000000
23.96494860000000
23.98048010000000
23.99235720000000
24.01946250000000
24.03647420000000
24.03678890000000
24.06183240000000
24.05902290000000
24.05120650000000
24.04085730000000
24.03034970000000
24.00934410000000
24.01865000000000
24.03620520000000
24.03000060000000
24.02943990000000
24.02537720000000
24.02485840000000
24.01909630000000
23.98334310000000
23.96004480000000
23.91596790000000
23.93485830000000
24.00307460000000
24.00325770000000
23.98645970000000
23.95086660000000
23.96794700000000
23.92453190000000
23.95060920000000
23.94987670000000
23.93552580000000
23.91602700000000
23.93258850000000
23.85363380000000
23.86111060000000
23.90005300000000
23.90633770000000
23.91066740000000
23.91832920000000
23.93730540000000
23.90160170000000
23.85646820000000
23.84114640000000
23.82735060000000
23.83450120000000
23.83943930000000
23.85308450000000
23.85590550000000
23.87440100000000
23.91815370000000
23.94777870000000
23.93968960000000
23.93008800000000
23.95528220000000
23.83454890000000
23.76725570000000
23.70554730000000
23.75427240000000
23.81917190000000
23.89610860000000
23.89724730000000
23.79330630000000
23.76849930000000
23.76119040000000
23.71635810000000
23.75584980000000
23.75772280000000
23.81112480000000
23.77948180000000
23.70645140000000
23.68476290000000
23.68382260000000
23.66714850000000
23.63441840000000
23.60019680000000
23.58109280000000
23.56641380000000
23.59708780000000
23.54429620000000
23.58003800000000
23.60067550000000
23.64232440000000
23.63386720000000
23.63084410000000
23.64531130000000
23.65531150000000
23.65035620000000
23.64431190000000
23.64983550000000
23.62400620000000
23.54723160000000
23.56183430000000
23.62891960000000
23.60106840000000
23.57705870000000
23.61146730000000
23.69964020000000
23.72635840000000
23.76152420000000
23.78083220000000
23.78385920000000
23.75802040000000
23.75188630000000
23.74144170000000
23.74831960000000
23.72212980000000
23.69145960000000
23.66848180000000
23.69816390000000
23.69740480000000
23.67426100000000
23.68501850000000
23.68389700000000
23.69888680000000
23.68739700000000
23.72732920000000
23.74630540000000
23.69374840000000
23.67708390000000
23.74361800000000
23.74289130000000
23.76215740000000
23.74945830000000
23.71934310000000
23.67640870000000
23.70947070000000
23.69382850000000
23.66326710000000
23.62647430000000
23.60287280000000
23.62784570000000
23.63618080000000
23.65894880000000
23.64581680000000
23.72093770000000
23.73513790000000
23.74714850000000
23.77654070000000
23.83036230000000
23.84820170000000
23.90082550000000
23.87177460000000
23.86989400000000
23.84599680000000
23.82362740000000
23.80975720000000
23.74496450000000
23.71429250000000
23.67864220000000
23.70438000000000
23.70770450000000
23.75019070000000
23.74825280000000
23.73191260000000
23.74649040000000
23.76644130000000
23.78005790000000
23.78941720000000
23.78924940000000
23.80645560000000
23.83292380000000
23.80827330000000
23.81668090000000
23.84302710000000
23.86582560000000
23.88157080000000
23.88890070000000
23.89307590000000
23.89061350000000
23.88624000000000
23.90485000000000
23.93759720000000
23.93011090000000
23.91685860000000
23.93243400000000
23.91355320000000
23.93474000000000
23.92982670000000
23.94007490000000
23.95892900000000
23.89465330000000
23.92875480000000
23.94692420000000
23.92817680000000
23.87213700000000
23.77657500000000
23.77447310000000
23.75426480000000
23.77908320000000
23.79779620000000
23.79002760000000
23.76235580000000
23.70498650000000
23.68723100000000
23.67127790000000
23.71042630000000
23.73206520000000
23.75596230000000
23.81678770000000
23.79781910000000
23.69601050000000
23.69649690000000
23.65897560000000
23.65431210000000
23.66178510000000
23.63461300000000
23.58665650000000
23.55522530000000
23.60391610000000
23.65501780000000
23.70429220000000
23.73040960000000
23.77234840000000
23.78933900000000
23.77531810000000
23.72384260000000
23.70157240000000
23.62360000000000
23.59081640000000
23.45909690000000
23.43494980000000
23.45576850000000
23.50758740000000
23.52223770000000
23.42186730000000
23.45797530000000
23.43591110000000
23.44554900000000
23.39695540000000
23.38828840000000
23.45260620000000
23.50945280000000
23.57981870000000
23.62741660000000
23.63004300000000
23.66790770000000
23.69479370000000
23.70491400000000
23.72551720000000
23.75151630000000
23.77574720000000
23.79434390000000
23.79746050000000
23.78343960000000
23.80967900000000
23.81834030000000
23.82809820000000
23.83827590000000
23.86758420000000
23.89360230000000
23.87959090000000
23.90625570000000
23.92490950000000
23.93352500000000
23.92334360000000
23.90501970000000
23.87605660000000
23.85896300000000
23.84861750000000
23.82028190000000
23.81542010000000
23.97424310000000
24.01150320000000
24.04310030000000
23.98008150000000
23.89374160000000
23.83411590000000
23.82107540000000
23.84231180000000
23.76095580000000
23.74825090000000
23.75810050000000
23.80557630000000
23.77158350000000
23.79872320000000
23.79124250000000
23.71697800000000
23.68980970000000
23.73942180000000
23.74662590000000
23.78340910000000
23.83488650000000
23.84241290000000
23.83891290000000
23.83973120000000
23.82461730000000
23.83812330000000
23.81733510000000
23.77032080000000
23.76329610000000
23.78643790000000
23.80918880000000
23.80919830000000
23.82536120000000
23.87362480000000
23.89739220000000
23.92455100000000
23.92378420000000
23.89135740000000
23.91415400000000
23.91190140000000
23.93722340000000
23.94128220000000
23.93961710000000
23.95362090000000
23.94314570000000
23.92213430000000
23.91529270000000
23.86032100000000
23.79940790000000
23.90034480000000
23.88716500000000
23.92796700000000
23.80584520000000
23.76988220000000
23.82813450000000
23.84824370000000
23.86912530000000
23.86199760000000
23.84821510000000
23.82423210000000
23.81755440000000
23.81617160000000
23.83684340000000
23.81567950000000
23.81671520000000
23.83773040000000
23.85399620000000
23.84892460000000
23.86794090000000
23.84929840000000
23.85245890000000
23.86972610000000
23.96616930000000
23.90452380000000
23.85141180000000
23.84480470000000
23.82186500000000
23.80140110000000
23.77687450000000
23.76839630000000
23.75688170000000
23.75533290000000
23.76475710000000
23.86105150000000
23.83809850000000
23.78446380000000
23.76895900000000
23.77037230000000
23.86807440000000
23.89164730000000
23.86977190000000
23.82180020000000
23.86465260000000
23.88245200000000
23.89304920000000
23.91835590000000
23.91959760000000
23.92446890000000
23.95330610000000
23.92539210000000
23.89153480000000
23.88512800000000
23.87234870000000
23.83715050000000
23.89350310000000
23.89159010000000
23.86128040000000
23.83029170000000
23.84348290000000
23.81920810000000
23.80014800000000
23.78435890000000
23.79177090000000
23.79635620000000
23.78682890000000
23.73478120000000
23.69531050000000
23.70643800000000
23.72413060000000
23.72742460000000
23.78120420000000
23.75669090000000
23.81347650000000
23.94748870000000
23.98109240000000
24.05214110000000
24.09576030000000
24.17469210000000
24.27242660000000
24.19227210000000
24.11411090000000
24.09406660000000
24.09623140000000
24.07933230000000
24.05237000000000
24.07352250000000
24.10296630000000
24.10795400000000
24.06813810000000
24.05554190000000
24.12610430000000
24.07421300000000
24.06194300000000
24.07075500000000
24.06801980000000
24.07586860000000
24.04221720000000
24.06491270000000
23.98665610000000
23.97595970000000
23.97757330000000
23.92389860000000
23.87529180000000
23.84150690000000
23.81919860000000
23.92356680000000
24.00075140000000
24.05625530000000
24.04233740000000
24.01406660000000
24.00250620000000
23.97067830000000
23.87966340000000
23.86721610000000
23.89279170000000
23.84563630000000
23.84635350000000
23.77791780000000
23.69794460000000
23.64801780000000
23.58409110000000
23.61067390000000
23.56086540000000
23.56915280000000
23.55592340000000
23.57152360000000
23.58641810000000
23.61600680000000
23.64851570000000
23.62806890000000
23.66602700000000
23.70069690000000
23.72581290000000
23.73325530000000
23.73079290000000
23.70077130000000
23.68879690000000
23.67373650000000
23.67826840000000
23.66508290000000
23.67714690000000
23.68202200000000
23.72083660000000
23.72633550000000
23.78759000000000
23.79709430000000
23.80834000000000
23.73219680000000
23.67407220000000
23.74945060000000
23.79158590000000
23.71658700000000
23.62660020000000
23.62283700000000
23.61870000000000
23.66131590000000
23.68330190000000
23.65796660000000
23.63074110000000
23.63074870000000
23.64964290000000
23.62580290000000
23.64409440000000
23.61387250000000
23.59803770000000
23.59170530000000
23.61577030000000
23.62066450000000
23.61859320000000
23.60555450000000
23.60266300000000
23.60291860000000
23.61632720000000
23.65187260000000
23.66383550000000
23.67838470000000
23.69503210000000
23.70719330000000
23.73157690000000
23.74972910000000
23.76240150000000
23.79154010000000
23.80275340000000
23.78994360000000
23.75295440000000
23.72096060000000
23.64884750000000
23.61733050000000
23.60956760000000
23.62526510000000
23.61674690000000
23.65331260000000
23.60477820000000
23.59840390000000
23.56961050000000
23.50783150000000
23.51096910000000
23.59440040000000
23.65411370000000
23.65077010000000
23.66115180000000
23.61031720000000
23.61049270000000
23.58551210000000
23.60625070000000
23.60939020000000
23.58532900000000
23.56307600000000
23.57137480000000
23.58281890000000
23.56556700000000
23.53741830000000
23.55803680000000
23.59219360000000
23.61147880000000
23.61253350000000
23.64999000000000
23.71482460000000
23.86046980000000
23.91514200000000
23.90788070000000
23.85144610000000
23.72233000000000
23.75834650000000
23.77543830000000
23.80314820000000
23.82134240000000
23.79235830000000
23.78906250000000
23.78704830000000
23.77999680000000
23.78257360000000
23.76144210000000
23.75936500000000
23.75460050000000
23.73384470000000
23.71046250000000
23.67448610000000
23.66935150000000
23.64676660000000
23.65639680000000
23.64943500000000
23.62613670000000
23.61973950000000
23.61365310000000
23.60533140000000
23.59106060000000
23.59204480000000
23.60098830000000
23.63793560000000
23.65232840000000
23.70595350000000
23.76326560000000
23.75889390000000
23.70471950000000
23.70782660000000
23.77049250000000
23.80970380000000
23.89775080000000
23.96311560000000
23.99651140000000
23.90427390000000
23.91292570000000
23.88693230000000
23.89895430000000
23.92966650000000
23.90258780000000
23.91449920000000
23.92178720000000
23.96442030000000
23.98001090000000
23.99712180000000
23.91147610000000
23.84673300000000
23.80600350000000
23.86604880000000
23.88219640000000
23.91976160000000
23.93945690000000
23.95504950000000
23.97780030000000
23.98895830000000
23.95932000000000
23.92851250000000
23.88543310000000
23.84141540000000
23.81307220000000
23.80324550000000
23.79970550000000
23.82243910000000
23.78080360000000
23.73877140000000
23.72221180000000
23.70395850000000
23.63358300000000
23.59537120000000
23.63372990000000
23.64033880000000
23.71418570000000
23.74777600000000
23.75861160000000
23.76224320000000
23.82416720000000
23.85070610000000
23.83708000000000
23.86673350000000
23.86585610000000
23.85484880000000
23.84544560000000
23.85950850000000
23.90299410000000
23.91065970000000
23.90800850000000
23.89089770000000
23.78083220000000
23.75275800000000
23.71830940000000
23.69082260000000
23.68982880000000
23.65616030000000
23.63905520000000
23.62483020000000
23.64596930000000
23.64520070000000
23.62292480000000
23.64561080000000
23.63551520000000
23.63970560000000
23.65335080000000
23.66850660000000
23.67309760000000
23.69379990000000
23.75507350000000
23.83608620000000
23.85738180000000
23.81012720000000
23.78983680000000
23.82113070000000
23.85351940000000
23.81474870000000
23.74398230000000
23.69616880000000
23.64629930000000
23.67250060000000
23.71256440000000
23.83010670000000
23.92392150000000
23.90406790000000
23.81621550000000
23.76704400000000
23.74290270000000
23.76918020000000
23.78482240000000
23.79190820000000
23.83815380000000
23.80407140000000
23.83598890000000
23.87177270000000
23.80324360000000
23.75215910000000
23.75192260000000
23.87495230000000
23.94347570000000
23.95063970000000
23.95151510000000
23.94318190000000
23.95108410000000
23.97799870000000
23.97289650000000
23.99440760000000
25.75605960000000
24.81199260000000
24.40655890000000
24.16500660000000
24.07007020000000
24.05060760000000
24.01037020000000
24.01309770000000
24.01714130000000
23.99074550000000
23.98022070000000
23.96193500000000
23.91536710000000
23.86086080000000
23.80449100000000
23.75257490000000
23.76811020000000
23.78686140000000
23.78479570000000
23.75169750000000
23.70477290000000
23.70327750000000
23.69854350000000
23.69824020000000
23.68865200000000
23.69363970000000
23.67148970000000
23.70434570000000
23.71442790000000
23.70043750000000
23.68246260000000
23.67388150000000
23.65581890000000
23.68087000000000
23.67130080000000
23.63777730000000
23.59731100000000
23.61309810000000
23.60613820000000
23.55600350000000
23.56663700000000
23.57121840000000
23.60816190000000
23.65167040000000
23.67381850000000
23.69353290000000
23.71688070000000
23.72388640000000
23.73032370000000
23.73365400000000
23.71958540000000
23.68778800000000
23.67397880000000
23.67919920000000
23.69281000000000
23.71415710000000
23.71478460000000
23.69060510000000
23.60693930000000
23.57636450000000
23.54070090000000
23.55775640000000
23.77613060000000
23.77513500000000
23.78257940000000
23.82570070000000
23.88149260000000
23.84886550000000
23.94970510000000
23.94338220000000
23.99718660000000
24.02601620000000
24.06726070000000
24.16689490000000
23.97097010000000
23.92098610000000
23.83186140000000
23.72730060000000
23.66713140000000
23.70153040000000
23.71634100000000
23.77541920000000
23.77344510000000
23.74340050000000
23.70262900000000
23.61211580000000
23.62283700000000
23.60175890000000
23.59095190000000
23.60807800000000
23.59919920000000
23.63374130000000
23.64446440000000
23.59531400000000
23.52460470000000
23.63981240000000
23.55820270000000
23.61190790000000
23.61220160000000
23.63754650000000
23.68903920000000
23.66923520000000
23.67533110000000
23.73380270000000
23.75296590000000
23.74525070000000
23.72829240000000
23.75222770000000
23.80314440000000
23.76139830000000
23.74605170000000
23.79648780000000
23.78414530000000
23.71759030000000
23.66302100000000
23.66499320000000
23.71122360000000
23.71682540000000
23.70034980000000
23.73688500000000
23.76706310000000
23.77712050000000
23.76633830000000
23.79947470000000
23.78503220000000
23.78797720000000
23.81208410000000
23.75555030000000
23.65682980000000
23.62338820000000
23.62591170000000
23.61761470000000
23.62336340000000
23.61918060000000
23.62081900000000
23.70201490000000
23.72265810000000
23.69829360000000
23.66931340000000
23.68038940000000
23.70540610000000
23.73249430000000
23.68929480000000
23.70200150000000
23.71294400000000
23.73185530000000
23.73938940000000
23.73099700000000
23.74141690000000
23.75357240000000
23.75470920000000
23.75602720000000
23.77903740000000
23.78218260000000
23.82934950000000
23.79177660000000
23.69743150000000
23.68428420000000
23.69134710000000
23.75862500000000
23.80670350000000
23.83592030000000
23.87895010000000
23.90441510000000
23.94245710000000
23.91729160000000
23.91058540000000
23.92512510000000
23.93830870000000
23.91829870000000
23.90563200000000
23.91865150000000
23.91190520000000
23.91056440000000
23.91169540000000
23.91072840000000
23.90597530000000
23.89699360000000
23.89902680000000
23.91265480000000
23.90024750000000
23.88109390000000
23.85829350000000
23.82071300000000
23.79702370000000
23.76832770000000
23.73003570000000
23.69660560000000
23.66046710000000
23.57123180000000
23.54149810000000
23.51709170000000
23.47885130000000
23.48939700000000
23.50887480000000
23.54689970000000
23.59827610000000
23.62561220000000
23.61135670000000
23.61781690000000
23.58247370000000
23.68083570000000
23.66878500000000
23.71273990000000
23.70657730000000
23.70775220000000
23.70158570000000
23.75489420000000
23.96925540000000
23.89875980000000
23.90280910000000
23.89803310000000
23.88600340000000
23.83810610000000
23.85009950000000
23.81055250000000
23.81668280000000
23.82059860000000
23.81766700000000
23.81914320000000
23.82281680000000
23.81178280000000
23.78909110000000
23.78068350000000
23.81698410000000
23.83057020000000
23.81436340000000
23.80693430000000
23.78380010000000
23.73361390000000
23.79418750000000
23.81225770000000
23.85234450000000
23.86522860000000
23.86489290000000
23.84830090000000
23.74223130000000
23.61168280000000
23.57503500000000
23.52851480000000
23.52617830000000
23.47398370000000
23.46438400000000
23.48993680000000
23.44270510000000
23.32942390000000
23.27499000000000
23.40472030000000
23.48146430000000
23.55895610000000
23.62067600000000
23.67513840000000
23.73554030000000
23.76467700000000
23.85634610000000
23.87977790000000
23.96113200000000
23.99732010000000
24.03213690000000
24.00624840000000
26.48846810000000
26.45792380000000
26.13024520000000
24.75917050000000
24.27771370000000
24.12857050000000
24.03183170000000
23.98928070000000
23.97776600000000
23.97621720000000
23.95197290000000
23.91443060000000
23.88220590000000
23.87156860000000
23.83526610000000
23.82229230000000
23.87704460000000
23.93778220000000
23.99268150000000
23.99330520000000
23.96550170000000
24.00770950000000
24.04871170000000
24.02042960000000
23.90828510000000
23.88100430000000
23.84052840000000
23.87984840000000
23.88561240000000
23.89523310000000
23.89296910000000
23.81327050000000
23.81489180000000
23.82247540000000
23.79401770000000
23.87517730000000
23.92332450000000
23.93215750000000
23.92401120000000
23.98177330000000
24.04760740000000
24.10650440000000
24.20614810000000
24.19556800000000
24.14746090000000
24.06516070000000
24.05979530000000
24.02860830000000
23.96134560000000
23.93899530000000
23.84239000000000
23.80156700000000
23.82009880000000
23.78744310000000
23.80957790000000
23.85075180000000
23.83701700000000
23.79894630000000
23.81698790000000
23.80382530000000
23.75965110000000
23.77481460000000
23.80541800000000
23.80448530000000
23.76248160000000
23.76758000000000
23.79437630000000
23.77051540000000
23.78646080000000
23.74075500000000
23.70487590000000
23.67796130000000
23.71091460000000
23.74642370000000
23.75500290000000
23.74238010000000
23.74115940000000
23.69665330000000
23.73488230000000
23.77062220000000
23.78425780000000
23.82015600000000
23.79837790000000
23.69749250000000
23.71602050000000
23.72946540000000
23.72546380000000
23.73628800000000
23.76577750000000
23.79079810000000
23.79506490000000
23.80848690000000
23.82747650000000
23.82436370000000
23.78426360000000
23.80467030000000
23.81191630000000
23.82786170000000
23.82149880000000
23.81867210000000
23.70406530000000
23.65327640000000
23.60159300000000
23.54855150000000
23.63626480000000
23.63657760000000
23.66214560000000
23.70628160000000
23.71830550000000
23.68917080000000
23.63330450000000
23.63099280000000
23.67268940000000
23.72613710000000
23.77007100000000
23.79548830000000
23.77090450000000
23.75720210000000
23.77948370000000
23.92014690000000
23.96888540000000
23.95405000000000
23.89634700000000
23.90388100000000
23.87453260000000
23.84095000000000
23.77657500000000
23.70137970000000
23.73673240000000
23.77498240000000
23.74386400000000
23.76638410000000
23.72387880000000
23.65882300000000
23.62802690000000
23.61774630000000
23.60833930000000
23.53948020000000
23.52041050000000
23.51215740000000
23.53504180000000
23.55359070000000
23.56326290000000
23.55849070000000
23.58146850000000
23.55702780000000
23.59586710000000
23.59417910000000
23.63010400000000
23.62779800000000
23.61656950000000
23.61992260000000
23.63508410000000
23.64283940000000
23.68069450000000
23.68750380000000
23.71092790000000
23.73329160000000
23.74997320000000
23.77268210000000
23.78032300000000
23.79505920000000
23.81827540000000
23.85093680000000
23.84874340000000
23.85435100000000
23.85770600000000
23.85365290000000
23.84620090000000
23.85279650000000
23.84407420000000
23.87472530000000
23.88735190000000
23.90182490000000
23.90704340000000
23.92069240000000
23.87454220000000
23.87261190000000
23.86851500000000
23.86523430000000
23.90579600000000
23.92989730000000
23.89985270000000
23.90893170000000
23.88516610000000
23.88229170000000
23.86976240000000
23.86622810000000
23.89389410000000
23.95193090000000
24.00592040000000
24.01175110000000
24.01993940000000
24.00121680000000
24.01383200000000
24.00436210000000
24.00105280000000
24.01100920000000
24.01264380000000
24.02664180000000
24.03697960000000
24.07612220000000
24.06609530000000
24.13408270000000
24.15671150000000
24.14356800000000
24.13750070000000
24.17642590000000
24.18497460000000
24.17815970000000
24.18849940000000
24.19905660000000
24.19696230000000
24.19684980000000
24.17443460000000
24.16279410000000
24.15226740000000
24.14560690000000
24.15707770000000
24.16240880000000
24.16112320000000
24.19404600000000
24.18597790000000
24.20177450000000
24.21930500000000
24.23303220000000
24.23059080000000
24.25120730000000
24.27236360000000
24.26501080000000
24.27292060000000
24.28678130000000
24.33262440000000
24.36660000000000
24.38052740000000
24.37988850000000
24.41081800000000
24.44670290000000
24.49417490000000
24.44955060000000
24.41779320000000
24.39165870000000
24.37838170000000
24.37423890000000
24.38268660000000
24.36984060000000
24.37586780000000
24.37833780000000
24.37296100000000
24.38364210000000
24.38410560000000
24.40319630000000
24.40861320000000
24.39678950000000
24.39220420000000
24.40864750000000
24.48954200000000
24.49810020000000
24.54486460000000
24.56783290000000
24.57553670000000
24.57476610000000
24.58245650000000
24.56787300000000
24.59251020000000
24.63462820000000
24.63949200000000
24.63392820000000
24.68931000000000
24.63897890000000
24.66019050000000
24.70878020000000
24.76086800000000
24.80691330000000
24.82762330000000
24.84106440000000
24.86970710000000
24.85219000000000
24.85545340000000
24.84261320000000
24.83746330000000
24.84025380000000
24.89727020000000
24.86570540000000
24.83337400000000
24.88375470000000
24.87243460000000
24.89666360000000
24.88936040000000
24.93116760000000
24.92579070000000
24.89883610000000
24.91836540000000
24.92113300000000
24.92344280000000
24.88326450000000
24.90958210000000
24.93578910000000
24.96609300000000
24.96875760000000
24.96661180000000
24.94046020000000
24.91645430000000
24.90322490000000
24.91057770000000
24.90970990000000
24.91426840000000
24.96107860000000
25.00271600000000
25.00964920000000
24.97330470000000
24.91859810000000
24.87119860000000
24.86797710000000
24.85120390000000
24.84817880000000
24.83720970000000
24.84194180000000
24.86484330000000
24.88842580000000
24.86566350000000
24.83259580000000
24.83887290000000
24.90313140000000
24.89186660000000
24.86061470000000
24.85333440000000
24.86411090000000
24.87522500000000
24.86638450000000
24.89807120000000
24.87987890000000
24.84444610000000
24.80374140000000
24.79549400000000
24.78886790000000
24.75673670000000
24.73754500000000
24.71244620000000
24.72031020000000
24.69195170000000
24.68443480000000
24.68946450000000
24.68014900000000
24.71914480000000
24.71686930000000
24.76791190000000
24.81136700000000
24.78787610000000
24.77729980000000
24.76449770000000
24.77525320000000
24.78216930000000
24.77982130000000
24.77964010000000
24.75767320000000
24.75977510000000
24.76807210000000
24.76771540000000
24.77515600000000
24.76857940000000
24.77359190000000
24.76288790000000
24.76132200000000
24.75551600000000
24.77120970000000
24.80086700000000
24.83320990000000
24.83354940000000
24.81820290000000
24.84930030000000
24.91193190000000
24.99074170000000
24.94153210000000
24.93306730000000
24.91651720000000
24.90289300000000
24.86606780000000
24.85317030000000
24.92373460000000
24.99393840000000
24.98219870000000
24.99778740000000
24.99563980000000
25.02121920000000
24.97215080000000
24.96605870000000
25.02887910000000
24.98857110000000
24.94657890000000
24.93284600000000
24.93936720000000
24.95132250000000
24.94860070000000
24.94943800000000
24.94620890000000
24.96213720000000
24.98283000000000
24.96059980000000
24.98013110000000
25.00557510000000
24.95611950000000
24.93605230000000
24.94133180000000
24.94814490000000
24.94003670000000
24.97708120000000
24.95046040000000
24.96070090000000
24.93400190000000
24.91638750000000
24.87998390000000
24.88184920000000
24.84093470000000
24.79532620000000
24.78144260000000
24.77260580000000
24.77194780000000
24.76593780000000
24.74588390000000
24.75654980000000
24.75414080000000
24.75803750000000
24.76572030000000
24.73795120000000
24.75321000000000
24.73143570000000
24.74635120000000
24.74950980000000
24.71265600000000
24.66803160000000
24.68278690000000
24.72847170000000
24.78688430000000
24.74400130000000
24.69059370000000
24.68430510000000
24.68664360000000
24.66480820000000
24.66003220000000
24.64565840000000
24.64296340000000
24.66563220000000
24.66471290000000
24.72955890000000
24.72587580000000
24.73341560000000
24.72619050000000
24.71917150000000
24.72413440000000
24.74068450000000
24.73727600000000
24.75935170000000
24.76030920000000
24.75532720000000
24.76640510000000
24.75842090000000
24.77991860000000
24.80233380000000
24.80313680000000
24.80912780000000
24.82147400000000
24.86386290000000
24.86470600000000
24.82435410000000
24.84665290000000
24.79731940000000
24.78871150000000
24.77037620000000
24.81988140000000
24.86902040000000
24.86144820000000
24.85070220000000
24.86952200000000
24.86083980000000
24.89447400000000
24.91815370000000
24.93865580000000
24.94503400000000
24.92566680000000
24.92018690000000
24.96116820000000
24.93408200000000
24.90687750000000
24.91438100000000
24.93901250000000
24.96773330000000
25.01216310000000
25.01672170000000
25.03185270000000
25.06204410000000
25.07865710000000
25.11019130000000
25.06880370000000
25.03803630000000
25.01268190000000
25.01609030000000
25.00631330000000
25.00410270000000
24.98694990000000
24.98222540000000
25.01772490000000
25.07485770000000
25.09976380000000
25.09831040000000
25.06901740000000
25.05713080000000
25.04258910000000
25.02484320000000
25.07789990000000
25.09756080000000
25.10086820000000
25.09960550000000
25.04050060000000
25.02117340000000
24.97575950000000
24.92971420000000
25.00706100000000
25.00478550000000
24.95644560000000
24.88106530000000
24.86273760000000
24.85656730000000
24.88326450000000
24.88768570000000
24.91122810000000
24.91653060000000
24.91872210000000
24.88683120000000
24.88336560000000
24.87816040000000
24.89106170000000
24.88314050000000
24.90999410000000
24.91531370000000
24.91476440000000
24.93653670000000
24.93264960000000
24.93247980000000
24.90653220000000
24.91102020000000
24.90736190000000
24.85057250000000
24.82401460000000
24.79859160000000
24.80816840000000
24.81622500000000
24.85795020000000
24.85750000000000
24.85509680000000
24.85542480000000
24.86689750000000
24.86597060000000
24.86891170000000
24.86834330000000
24.90376090000000
24.97885320000000
25.02062030000000
25.02203750000000
25.03705970000000
24.94400590000000
24.89514540000000
24.95782660000000
25.01539030000000
25.02608100000000
24.99366760000000
24.98222160000000
24.98451990000000
24.94256590000000
24.95630640000000
24.94538300000000
24.98766700000000
25.00129120000000
25.02103800000000
25.03505510000000
25.04433820000000
25.00214190000000
24.97693060000000
25.00487130000000
25.00585550000000
25.00261490000000
25.04041860000000
25.01820560000000
25.02068510000000
25.01295080000000
25.03647420000000
25.01521110000000
24.95576850000000
24.94094840000000
24.90847770000000
24.89400290000000
24.87465280000000
24.92065420000000
24.94853400000000
24.92783350000000
24.93693350000000
24.92725180000000
24.93702690000000
24.91683190000000
24.89963720000000
24.91955940000000
24.92811580000000
24.91202160000000
25.01945680000000
25.05615040000000
25.08199690000000
25.14109800000000
25.11212530000000
25.07281490000000
25.02461810000000
25.04456130000000
25.03398510000000
25.03156660000000
25.05568690000000
25.07898900000000
25.09829330000000
25.11026380000000
25.13808050000000
25.13556670000000
25.14501570000000
25.15170090000000
25.14562220000000
25.15940090000000
25.11178770000000
25.09610930000000
25.10240740000000
25.10781280000000
25.09189410000000
25.09263420000000
25.17122260000000
25.17662810000000
25.15739250000000
25.14917370000000
25.13007350000000
25.15011780000000
25.12591930000000
25.11119840000000
25.09429550000000
25.08788290000000
25.09352490000000
25.10066030000000
25.11444280000000
25.08004180000000
25.18428230000000
25.23533240000000
25.23502730000000
25.25062750000000
25.18416590000000
25.15232080000000
25.14773750000000
25.16130630000000
25.14615440000000
25.18038940000000
25.13264650000000
25.18506050000000
25.11623760000000
25.11291880000000
25.10697170000000
25.05702400000000
25.05510710000000
25.07236480000000
25.09257690000000
25.10643000000000
25.09373090000000
25.08486170000000
25.10305590000000
25.09517090000000
25.12137980000000
25.11419290000000
25.11420050000000
25.15425490000000
25.16103170000000
25.14728540000000
25.09988780000000
25.08517830000000
25.11546700000000
25.11914250000000
25.07599630000000
25.04299160000000
25.02809330000000
25.02826300000000
25.03867340000000
25.05914680000000
25.06279370000000
25.04731750000000
25.06174270000000
25.08134260000000
25.06400870000000
25.06472770000000
24.97234340000000
24.90979570000000
24.88063240000000
24.83133880000000
24.81695740000000
24.80948820000000
24.80311580000000
24.81973450000000
24.84761610000000
24.80373570000000
24.79157440000000
24.81864730000000
24.83954810000000
24.83939170000000
24.84295840000000
24.86985390000000
24.87354850000000
24.79081720000000
24.76026910000000
24.77231780000000
24.75818060000000
24.75318140000000
24.77604860000000
24.79908180000000
24.80330270000000
24.82296940000000
24.89991370000000
24.89038080000000
24.88207050000000
24.86157030000000
24.86210630000000
24.91567990000000
24.88410370000000
24.91602320000000
24.92662230000000
24.93585770000000
24.91731260000000
24.88116830000000
24.87105560000000
24.88556670000000
24.87900920000000
24.88710210000000
24.90558240000000
24.89366910000000
24.90731040000000
24.89996520000000
24.91323850000000
24.91749190000000
24.93509480000000
24.91903680000000
24.92153160000000
24.95949930000000
24.94754210000000
24.92516700000000
24.90554800000000
24.90604970000000
24.92657470000000
24.91962240000000
24.92044630000000
24.98215290000000
25.01085470000000
25.02669140000000
24.98293680000000
24.96232220000000
24.94285580000000
24.95885080000000
24.98782340000000
24.97605510000000
25.01922410000000
24.97780410000000
24.97126570000000
24.95087240000000
24.91360660000000
24.89845840000000
24.88642500000000
24.86667440000000
24.88383100000000
24.89802930000000
24.93100540000000
24.94181250000000
24.94628520000000
24.92807960000000
24.92481800000000
24.91005510000000
24.90287010000000
24.89757340000000
24.90805050000000
24.90700720000000
24.91476440000000
24.93276210000000
24.98100470000000
24.97075840000000
24.96494860000000
25.03035920000000
24.99128150000000
24.95475000000000
24.89695930000000
24.89776800000000
24.89798540000000
24.93566510000000
24.94366640000000
24.98763650000000
24.93639750000000
24.94478790000000
24.95776930000000
24.96315380000000
24.99989310000000
24.96912380000000
24.93078990000000
24.94839850000000
24.96700660000000
24.95475950000000
24.94884870000000
24.94909850000000
24.94318190000000
24.94507980000000
24.93560980000000
24.92478560000000
24.93465420000000
24.94511410000000
24.92683980000000
24.91565130000000
24.94215200000000
24.93935580000000
24.93912500000000
24.95029830000000
24.94506450000000
24.91380310000000
24.94217870000000
24.94671440000000
24.94123840000000
24.97825050000000
24.98782340000000
24.96012490000000
24.99679940000000
24.99273870000000
24.97328560000000
24.99049370000000
24.94861410000000
24.95822710000000
24.97171780000000
24.96132650000000
24.95595160000000
24.95314590000000
24.95033260000000
24.98485940000000
24.98412510000000
25.01131620000000
24.97494500000000
24.95283880000000
24.96417800000000
24.98303980000000
24.99992940000000
24.99654760000000
24.96079060000000
24.96637910000000
24.98445320000000
24.98045920000000
24.96855540000000
24.95129580000000
24.94623180000000
24.93214220000000
24.91625780000000
24.92952340000000
24.93552390000000
24.95470040000000
24.98066130000000
25.02473640000000
25.01249690000000
24.96457290000000
24.94989200000000
24.90770530000000
24.84832760000000
24.84516140000000
24.85418510000000
24.85549730000000
24.83617210000000
24.83683960000000
24.83686630000000
24.84769430000000
24.86898610000000
24.87566750000000
24.86853590000000
24.87383650000000
24.86415100000000
24.83318900000000
24.82969090000000
24.83284370000000
24.83259770000000
24.85305780000000
24.84338560000000
24.83180230000000
24.81063460000000
24.81862440000000
24.85447310000000
24.88284680000000
24.87821380000000
24.88493530000000
24.90284720000000
24.90879240000000
24.91238210000000
24.90915480000000
24.90305130000000
24.90819160000000
24.91878120000000
24.93857190000000
24.92971030000000
24.96738810000000
24.97102920000000
24.96723360000000
24.99031440000000
24.96448700000000
24.97798910000000
24.99299620000000
25.00561900000000
24.99592200000000
25.01232140000000
25.00189390000000
24.99481580000000
24.99955740000000
24.98808090000000
24.97596540000000
24.99473380000000
24.99460790000000
24.98743240000000
25.04140660000000
25.05655090000000
25.04530520000000
25.01564590000000
25.02021210000000
25.04183380000000
25.04364010000000
25.05553430000000
25.03934860000000
25.03060910000000
25.03490440000000
25.05695530000000
25.06198880000000
25.05528830000000
25.11035340000000
25.09340660000000
25.10001560000000
25.16606900000000
25.12569800000000
25.12486830000000
25.12062450000000
25.12679290000000
25.05310240000000
25.09570690000000
25.17194740000000
25.17096900000000
25.13336370000000
25.14909550000000
25.17083930000000
25.16716950000000
25.21359440000000
25.22701640000000
25.21856110000000
25.20088000000000
25.17602920000000
25.18264960000000
25.17491340000000
25.17649260000000
25.16538810000000
25.14505570000000
25.18311110000000
25.18445390000000
25.20503420000000
25.23495860000000
25.26764860000000
25.23719210000000
25.22812650000000
25.24994080000000
25.19697760000000
25.17003820000000
25.14821050000000
25.14983360000000
25.21517180000000
25.20203200000000
25.20640940000000
25.18030920000000
25.17451470000000
25.17079920000000
25.15945810000000
25.14624970000000
25.15279380000000
25.17121120000000
25.16138070000000
25.16494940000000
25.16934580000000
25.16020010000000
25.16173360000000
25.16253080000000
25.15896790000000
25.16558640000000
25.14891430000000
25.14888190000000
25.13644790000000
25.13274950000000
25.14233770000000
25.13132280000000
25.12104030000000
25.12532420000000
25.11186400000000
25.10766790000000
25.09851830000000
25.07933230000000
25.06732550000000
25.10526460000000
25.05528640000000
25.07517050000000
25.07839580000000
25.07205390000000
25.09148400000000
25.08043090000000
25.08363340000000
25.07771300000000
25.09756460000000
25.11528770000000
25.10016250000000
25.09500120000000
25.14350310000000
25.13903420000000
25.15795320000000
25.13920400000000
25.15336220000000
25.16293140000000
25.17724220000000
25.17979040000000
25.17798040000000
25.18768310000000
25.19807810000000
25.22345350000000
25.22476760000000
25.20484160000000
25.17286680000000
25.14363280000000
25.21089170000000
25.22370520000000
25.22430410000000
25.25514980000000
25.25418660000000
25.23836130000000
25.18672370000000
25.15411180000000
25.13492960000000
25.10416410000000
25.08807750000000
25.05863570000000
25.06444540000000
25.06909170000000
25.07103530000000
25.07061190000000
25.07775490000000
25.06195440000000
25.07900610000000
25.09394640000000
25.08120150000000
25.07456970000000
25.04769700000000
24.98697660000000
24.94381140000000
24.93350210000000
24.94529340000000
24.93490400000000
24.93492120000000
24.93149940000000
24.95690720000000
24.96298400000000
24.97293850000000
24.98575970000000
24.98637000000000
25.01850120000000
24.99793810000000
25.02756110000000
25.02069660000000
25.03384390000000
25.05747030000000
25.03981780000000
25.07229800000000
25.08084290000000
25.09877010000000
25.07707020000000
25.05899230000000
25.03982920000000
25.01219740000000
25.04720490000000
25.11553380000000
25.11203380000000
25.16194150000000
25.14538000000000
25.15182300000000
25.10625260000000
25.11401740000000
25.11120980000000
25.11641310000000
25.11310380000000
25.12879180000000
25.16884990000000
25.15411750000000
25.12552450000000
25.13219640000000
25.13109390000000
25.28018370000000
25.25154110000000
25.23599810000000
25.36588090000000
25.35202020000000
25.39774510000000
25.37973210000000
25.30020900000000
25.26655570000000
