Line0 31 18 24 19 29 17 19 23 26
Line10 1 35 25 30 20 21 31 29 25 20
Line20 20 29 22 27 24 26 25 32 28
Line30 31 27 30 16 21 15 27 27 23
Line40 26 21 18 26 33 18 24 28 24
Line50 27 24 26 29 21 21 21 35 24
Line60 27 23 30 19 26 21 24 22 22
Line70 21 13 27 25 29 22 30 26 21
Line80 22 32 22 21 31 18 28 27 31
Line90 21 17 27 29 26 20 17 21 23
Line100 14 29 24 28 19 23 24 19 15
Line110 32 28 21 23 26 18 27 19 24
Line120 22 14 26 26 27 37 22 20 26
Line130 28 35 24 25 25 30 26 27 24
Line140 21 24 29 26 34 34 21 22 19
Line150 24 28 23 30 26 25 25 19 25
Line160 20 18 25 27 24 29 18 20 17
Line170 25 16 21 23 20 26 20 22 32
Line180 25 26 25 32 20 21 23 30 32
Line190 16 18 31 27 26 23 26 19 31
